GAUSSIAN DISTRIBUTION
MEAN: 0.000000 | STD DEV:1.000000
0.381092
-0.661327
-0.915915
-0.124593
-0.530294
-0.055516
-1.027199
0.820469
-0.656767
-2.022119
1.057961
0.448948
-0.601645
-0.315178
1.126594
0.345301
0.046981
1.401087
0.721503
-1.358522
1.267775
2.504294
-0.607991
-1.040126
-1.321037
-0.456411
-0.299141
-1.690826
-0.809135
-0.250073
1.057516
1.564281
-1.290123
-0.573664
-1.207457
-0.285491
-1.021827
0.210010
0.232013
1.207072
0.060268
0.923385
-0.828254
1.426713
-1.493514
0.913556
-0.815003
-0.531180
0.440127
1.047348
1.486736
0.497345
0.091647
1.085921
0.280866
0.184488
0.794700
-0.352755
0.744295
-0.577801
-0.098035
0.568880
-0.031118
-0.098871
-0.079358
2.071103
-2.729729
-0.734222
-1.501325
2.192344
-2.353609
-0.769709
0.222946
2.208969
-0.503907
0.228643
-0.843014
-0.094913
-1.059247
-0.874125
0.406030
0.426024
-0.071874
0.130527
-0.674776
0.395671
0.178418
0.675479
-2.450102
0.582406
-1.187619
1.706245
0.045816
-0.287828
1.212280
3.132288
-0.322048
1.060366
-0.326054
-0.374383
0.977554
0.758120
2.344748
-0.472500
-1.910595
0.829095
-0.919832
-0.761378
0.486553
-0.693369
0.582811
-0.859846
-0.466791
2.135356
0.824758
-0.897524
0.940040
-0.352919
-0.110000
1.471201
1.138417
0.514919
0.568252
-1.311131
-1.375350
0.066337
-0.848924
0.102374
-0.387665
0.250048
1.365046
-1.523136
0.256299
-0.169701
0.866107
-0.164463
0.389015
-0.012513
0.565704
-2.442603
0.040928
2.113090
0.967781
1.046129
-0.096455
-0.733582
-0.484200
0.892421
-0.291023
-0.981420
0.352150
-0.420006
-0.146621
-0.583177
1.747536
0.095459
1.356082
0.725763
-1.855493
0.732800
0.435978
-0.130923
0.687210
0.651830
-1.092637
-0.761615
-2.055373
0.548863
-1.039783
0.313320
-0.790725
1.420494
1.299514
-0.011654
0.058433
1.565813
0.974447
-0.467780
1.346071
0.184868
1.330336
-0.601567
-0.013954
0.598747
-0.305994
-1.830354
1.792584
0.060135
-1.272846
0.592610
1.440988
2.514634
-1.676605
-1.319935
1.071363
-0.739877
-0.325855
-0.707864
-0.740633
-0.534355
-0.734896
-0.117774
0.069610
1.121347
-1.040174
0.418830
0.204057
-1.960813
-2.023229
0.290250
0.779876
-0.175806
-1.111793
-0.327920
-0.217392
-0.008528
-0.473159
0.901776
-0.287868
1.494376
1.503702
0.516775
-0.479770
-1.998266
0.350651
-1.161084
1.302968
1.548099
1.625719
-0.032316
-0.345389
-0.407530
-0.564248
-0.430242
0.511369
-0.665421
0.457996
-0.995891
-0.686605
0.688784
-0.615764
0.454575
0.432590
0.819701
-0.457652
-0.264347
1.563410
-1.019636
1.571160
-0.062966
-0.445840
0.121026
0.614934
-1.515369
0.249560
-1.677138
-1.476097
-1.116580
0.599433
1.878297
1.208464
0.804960
0.069549
1.093324
0.863993
-0.710404
1.272660
0.441184
-1.838482
1.299048
0.551703
0.289233
-0.075477
-0.590737
-0.580296
0.397843
0.140436
0.225572
2.331160
0.249218
-1.381542
-1.895207
0.827725
-1.305303
0.056892
-0.516916
-1.260089
0.424191
-1.836153
-1.560978
0.277337
0.508633
-0.833248
0.118752
0.368555
0.707829
1.537136
-0.323585
-0.342009
-0.179479
0.589957
0.930787
0.434755
-0.288596
-0.795038
0.463900
-1.635860
-0.959813
0.654858
-0.300399
1.056248
-0.246248
0.109447
1.159035
-0.057828
1.672855
-0.612569
-0.798694
1.850097
-0.960143
-0.041729
0.145226
0.209102
0.826075
-0.113253
1.045086
0.155783
-0.329169
-0.944132
-0.204594
-1.268106
-0.695362
1.296784
0.433088
0.203910
1.527971
-1.032501
-0.621992
0.738426
-0.398917
0.419304
-1.272700
-0.697773
-0.310964
1.348955
0.814687
1.657059
-1.341879
0.572176
0.810688
-2.153047
1.341595
-0.817995
1.271357
0.498921
-1.624622
-0.198823
0.530187
-0.284481
-1.006031
-0.117871
-0.160154
-1.091466
-0.677231
-2.283381
0.008156
-1.167558
-0.092887
-0.812142
0.175057
-0.508057
0.300428
-0.128375
-1.559641
-0.681668
1.300793
-0.081342
-0.025560
1.762137
0.914575
0.439016
-0.214083
-1.275689
-0.345350
-1.222163
0.611694
-1.122395
0.819444
1.203313
1.549569
-0.045456
0.049104
-1.468315
-1.965126
0.720349
1.298232
0.683511
2.620420
0.700644
-0.997058
-0.845098
0.105446
1.084579
-0.365463
-0.759239
-1.213759
1.729116
0.115760
1.058111
1.429120
0.557181
-0.536389
0.434188
0.125792
-0.893719
-2.232393
-1.596359
1.079323
-0.799087
0.846770
-0.656651
0.197754
1.700003
-0.646897
0.291990
-0.739757
-0.198576
0.683948
0.834351
0.949594
0.255902
-0.397465
0.665888
2.920634
2.868932
0.773495
0.585957
1.949742
-1.570186
-1.717839
-0.390611
-1.212383
-0.706323
1.481408
1.099514
0.766399
0.015123
-0.898793
-0.613148
-0.141332
-0.490685
1.570563
0.587104
-0.477715
-1.288059
-0.646383
1.012195
-1.182078
0.110237
0.656284
0.471160
1.289127
1.496731
-0.322306
-0.451931
0.032550
0.047563
2.359283
0.291514
0.475418
-0.427359
0.408069
-1.461112
0.168103
1.797739
-0.151015
0.659000
0.417815
-0.285229
0.622502
-1.805724
0.608602
-0.666459
1.564973
0.400818
-1.840686
1.439127
-0.487351
-0.875251
-1.591962
-0.198382
0.059867
-0.359504
-0.443121
0.235334
0.594264
-0.511797
1.740631
-0.775335
0.430740
-0.047370
-1.030040
0.604427
0.426407
-0.641867
-1.311435
-0.397009
0.530899
-0.880683
-0.825153
-0.905544
0.362565
0.034671
-0.995242
0.492649
0.860983
1.383318
1.182438
1.740576
0.533961
1.113675
-1.436221
0.154528
-0.338989
-0.922504
-0.578949
0.895777
-0.133377
-0.716176
-0.041687
-0.339531
1.268586
0.002533
0.920542
1.051168
0.253765
1.302220
0.782439
-0.383238
-1.232697
-0.444026
-0.199730
-0.654521
0.464157
-0.002796
-0.584857
1.612631
-1.604563
-0.516654
-0.481530
0.755393
0.578239
0.227429
1.038734
0.876906
-1.488897
0.294181
1.069398
-1.075189
-0.309438
1.202880
-0.024119
0.360143
1.428985
2.121093
-0.246651
-1.133435
1.026069
-0.288941
-0.319870
-0.493451
-0.242306
-0.301981
0.984148
-0.259568
0.497966
-0.504699
0.745879
-0.250739
0.059269
-2.384784
-0.797127
2.322095
0.857739
-0.235535
-1.591731
0.501055
1.276533
-0.891537
0.352377
-0.431236
0.182895
2.179343
0.277761
-1.448132
0.355461
0.349675
0.076429
-1.885109
0.301616
0.897478
0.612995
0.817885
0.728727
-0.626865
0.007701
-0.934263
-0.059215
-0.142550
0.311344
-0.669988
0.410151
1.327703
0.067822
-0.381412
0.833393
-0.572118
0.557239
-1.502942
-0.259841
-0.487196
1.069439
0.096641
-0.488756
-0.522369
-0.965054
0.142467
0.011276
-1.629377
-0.888249
0.281098
0.885790
1.540424
-0.714318
0.980416
-3.799389
-1.387707
-1.327876
0.193448
0.844252
0.164147
0.805593
-0.548545
0.709405
-0.064042
-1.119712
-0.350918
0.262728
-1.405447
0.479691
0.534317
-1.075447
-1.634948
0.088228
-0.867742
0.992896
-0.415307
1.457020
1.763558
-0.835308
-1.859462
-1.032066
-0.678119
1.258077
-0.974271
0.997897
0.233532
0.491900
-2.360876
-2.400300
0.497264
-2.408660
0.977228
-1.916417
0.128347
1.507276
0.671431
0.412218
1.011779
0.240954
1.199152
-0.618470
0.675082
-0.928486
-0.487738
0.378804
0.518071
0.520124
-0.752001
-0.278052
1.161686
-0.875693
0.473280
0.164935
-0.248019
0.455585
-0.063476
1.077081
-0.785557
-1.361953
-1.527362
-0.856842
0.708427
-0.555883
-1.299986
0.082699
0.420430
0.397132
-0.938790
-1.005841
0.648887
-0.406973
0.211535
-2.009886
-1.169293
0.021672
-0.486298
-0.221326
0.925163
0.803141
-0.656963
-0.104774
1.109295
0.397707
1.016492
0.487864
-1.077352
2.195115
0.457040
-1.186400
0.710589
1.363887
-1.487663
0.447285
-0.255640
1.211589
0.717453
0.228441
1.788336
-1.394389
0.748995
1.549160
0.654011
-0.836912
0.838799
0.296113
-0.098461
-0.896808
-0.997005
-1.314500
-2.164763
-0.360493
-1.602296
0.251595
-0.260576
1.286247
-0.828014
-0.243007
-0.652314
-0.200058
2.115489
0.714420
-1.110219
-0.535231
-0.151418
0.507301
-1.264858
0.476322
0.622309
0.254823
1.852089
0.905680
0.183806
0.951098
0.105875
0.405567
-1.175005
1.108536
0.374126
0.092592
1.549235
-0.097303
1.115246
0.675752
0.135444
-0.315280
0.853439
-0.549147
-0.809247
-0.533674
2.165292
0.849503
-1.162152
0.728135
0.789157
0.653414
-0.945910
-1.624262
-1.412579
-0.323873
-0.248033
-1.021661
0.043718
1.323050
-0.715361
-1.717201
0.438008
-0.610488
1.630374
0.712585
-2.205007
-1.342620
1.845579
1.125057
-0.970849
0.508685
-0.142361
0.653533
0.017512
-0.074662
-0.807213
-0.220332
-1.864046
-0.778377
-0.284298
1.127201
-0.282610
-1.062138
-0.020596
1.469413
0.698536
-0.067737
-0.194778
-1.339469
-0.788982
-0.037836
-0.867941
-1.517170
0.610705
0.614501
-0.074790
0.026531
1.163187
-1.306856
-0.996440
-1.917790
-0.554048
-0.371161
0.075303
-1.969986
-1.204337
-0.108135
-0.509447
-0.436719
0.348516
0.798044
0.990611
-2.508980
1.506015
-0.107386
-0.794870
-0.248397
-1.531954
0.408525
-1.643182
0.126916
-0.305577
-0.427844
-0.918683
0.001263
0.678872
1.909376
1.628139
-2.013278
0.790487
0.705491
0.391324
-0.042228
-0.894556
0.155072
-0.596763
-1.491829
1.866070
-2.821280
1.398342
-0.457167
1.425343
-0.307988
-0.951769
1.160419
0.259298
-1.084277
0.535287
-2.167454
-1.550129
-0.736533
-0.590637
0.896457
1.030165
0.138933
-1.173682
0.244699
-0.135177
-1.995449
-0.331530
0.061219
1.986410
0.821648
0.473241
-0.086486
1.310720
-0.906654
-0.696729
0.042194
0.695257
2.131475
0.689124
1.198646
-0.310831
0.658857
-0.351459
1.415655
-0.716378
-0.580246
1.008503
0.769754
-1.437715
1.249390
1.711004
-0.255922
-0.590994
-1.095415
-0.082133
-0.213601
1.287255
1.758651
-0.422986
-1.023142
0.010196
-1.865328
0.627790
-0.678647
-0.077070
0.387135
-0.963831
1.168215
-1.127874
1.738350
0.083777
-0.603280
1.553551
-1.453735
-0.483688
-0.041036
-0.017489
1.098510
-0.087266
1.837364
1.413472
0.478309
0.807136
-1.638111
-0.212947
1.070110
-0.206055
-0.096769
-1.250126
1.588240
-0.544006
0.001135
0.262760
-0.716242
0.990878
0.444033
0.728760
0.210856
-0.633924
-0.974253
1.893935
0.857083
0.916382
0.739940
0.822422
0.035524
-0.896857
1.995045
0.063920
0.134956
2.873607
0.445302
-1.774935
2.122400
0.379327
0.851401
-0.956193
0.317081
-1.208680
0.196526
0.635137
-1.592644
-0.439584
-1.478582
1.329970
-0.332003
0.433715
-1.321332
-0.705548
0.127918
0.235392
-1.854602
0.489760
0.379754
-1.820705
-0.017050
-0.181326
0.381747
-1.282951
-1.216012
1.528716
1.387625
-0.620725
0.858691
-2.559448
1.962491
-0.523106
0.430799
0.484267
0.764986
1.981631
1.205970
-0.440638
0.325454
2.364309
0.662695
0.082892
-0.750083
-0.100570
1.196870
-1.069294
-0.590587
-0.557356
0.306554
-0.638870
1.198496
-1.042874
0.245568
0.726263
0.778437
-1.098748
-0.493963
-0.582155
1.282543
0.795884
0.526598
-1.281754
-0.593336
0.170740
1.057613
-0.232495
0.246308
0.102432
0.063017
0.315511
-2.808247
0.333044
0.871050
-2.439345
-0.353750
2.168698
0.984039
2.022481
0.100391
-1.551841
0.233209
0.871660
-0.848648
1.617502
0.965691
-0.244078
1.183743
-0.519750
0.261649
-0.433621
-0.701069
1.930944
0.013740
1.313825
-1.989097
-1.117897
-0.068370
-0.625804
-0.205215
-0.091394
-0.598754
0.006812
0.110417
0.866935
-0.548289
1.848132
-0.527024
0.630238
1.705307
-0.256627
0.309247
-0.157886
-1.784402
-0.323980
0.572456
-1.942205
-1.138352
-0.922364
1.426098
1.209763
-0.395801
-0.499220
1.200026
-0.177953
-1.357923
0.151846
-0.974693
-1.123714
-0.239410
1.232656
0.463359
-1.653106
-0.452861
-0.138575
0.159965
-0.165355
0.194455
0.228276
-0.734297
-0.238450
-0.988894
1.331054
-0.039806
-0.417200
-2.432605
0.048449
-0.659439
0.443860
0.803146
0.017905
0.251590
-1.282959
-0.427991
0.528826
0.242220
-1.553602
0.053837
0.390157
-0.052374
0.258175
0.131489
-1.269330
1.352450
0.152041
-0.698153
-0.331330
-0.869504
0.581535
0.534539
0.169239
0.119814
-1.402587
0.922175
-1.031746
0.886854
0.026934
-0.665963
-0.257547
-0.365913
0.743843
0.853073
0.518858
-0.475148
0.274434
-2.423095
-0.973961
0.073045
1.455286
-1.164380
0.805244
-0.561857
-0.176609
0.285512
-0.210719
-0.619558
-2.365173
1.416074
-0.059433
-0.010185
0.697481
-1.716093
0.101577
-0.818542
-2.195865
0.431124
-1.386507
1.617479
1.785540
2.280679
0.601532
-0.333331
-1.164292
1.356917
-0.146089
-1.305484
0.082690
-2.098737
-0.523019
0.214531
-1.562325
0.606729
-1.517812
0.274254
0.922177
1.730343
0.350713
-0.779952
0.391927
0.966158
1.205053
0.327597
1.097599
-0.088349
0.060769
-0.188256
0.083204
0.435636
-0.483590
-0.132306
-0.684004
0.135438
0.872083
-1.383353
-1.451792
0.287494
0.725053
-0.191903
0.737632
-0.917617
2.197868
0.158647
-0.977199
1.113203
0.662524
0.239556
-0.708681
0.297070
1.260946
-1.072427
0.490360
-0.960461
-0.180929
1.062021
-1.025232
-0.880834
-0.728090
0.268275
1.518123
0.521893
-0.134463
-0.612230
0.760365
-1.209008
2.220974
0.414899
0.364513
0.163269
-0.671425
0.214340
-0.894867
0.579988
1.404103
1.568448
-1.446903
0.663765
0.362143
-0.922432
-0.817016
-0.309931
0.758958
1.514676
0.680715
-1.358017
1.628865
-0.275550
0.422547
1.018896
1.754040
-0.256673
1.913062
-2.071190
-0.226879
-0.965425
1.256018
-0.047665
-0.422028
0.593911
1.024365
0.546950
-0.128110
0.893818
-0.500208
1.139998
-0.654581
-0.202685
-0.797212
-1.354445
0.414506
1.013312
1.106722
0.645465
0.631759
-1.556465
-1.357188
0.890715
0.838046
0.993293
-1.555015
-0.094009
-0.474904
-1.092319
1.768355
0.241858
-0.331048
1.632178
-0.212354
-0.873133
-0.036836
0.517585
-0.319451
-0.686493
-0.238673
-0.174773
0.260566
0.366998
1.805824
0.133779
0.154199
0.175900
1.375718
0.518574
-1.007992
1.384456
-0.076171
0.514662
0.484547
-2.137849
0.929541
0.317459
0.266355
0.571081
-0.144873
0.755732
-0.834602
-0.462256
-0.501120
-0.787347
0.074500
1.545213
-0.112484
1.274750
-0.048944
0.728050
2.846927
0.638541
-0.222119
-0.471049
-0.256419
0.535704
-1.388353
-1.159527
-0.512934
-1.077784
0.972253
-0.942515
1.495891
-0.339831
0.793195
0.466036
-0.463363
-1.018527
2.192723
-1.415525
-0.223646
-1.403671
0.000524
-0.161300
0.236428
1.240763
-0.521754
-0.323536
-1.412623
-1.772811
1.741873
0.570335
-0.159100
0.940724
-1.892564
0.751132
0.775011
-1.809227
-0.297438
0.366926
0.145137
-0.808919
-0.972936
1.794247
-0.435852
1.986303
-0.638006
0.209449
0.616927
-0.162028
-1.390898
-0.815167
0.738720
1.895435
0.116863
-0.445158
-1.547476
0.028071
-0.432505
0.618855
1.030572
0.259777
-0.913390
0.144947
1.136496
0.958881
-0.227966
1.764699
-0.230402
-0.721780
-0.413111
0.578861
0.463628
-1.105881
-0.799450
-0.851121
-0.765213
2.246876
-0.924911
1.291486
0.851660
-0.382841
-0.774116
0.334766
-0.852892
0.297108
-0.000168
-1.276802
0.416454
2.109521
0.377066
1.205687
-0.294177
0.675989
0.179231
0.220528
-0.553001
-0.424468
-1.670569
-0.200851
-0.355806
0.912354
-0.719428
-0.948387
-0.155957
0.353785
-0.824448
0.705311
-0.457416
-0.563373
0.353899
0.351729
-0.916384
-1.509250
-1.220439
-0.442187
0.245991
0.077544
-0.828492
-0.747449
-0.422818
-2.235494
0.304624
-0.218847
0.777685
0.157710
1.427734
-0.749770
-0.608947
-0.337491
-0.226082
2.196677
0.867366
0.724528
1.456488
1.356405
0.606131
0.916213
-1.189158
0.553458
-0.737779
-0.703740
-0.730665
-0.524990
0.985244
0.541543
-1.139924
0.416370
0.673359
-0.657462
1.284418
1.438953
1.085557
0.166102
-0.423466
0.137195
-0.988920
-0.825860
1.772435
0.122800
-1.948051
0.045025
-0.245776
-0.656260
-0.242849
2.002482
-0.172706
-0.918783
0.780244
-1.079410
-0.240882
0.434048
0.688165
-0.608584
0.310487
-0.040853
-0.704880
0.339724
1.532754
0.026966
-0.242356
-0.948672
0.186014
-1.729388
0.013878
-0.270289
0.437101
0.252025
-1.406834
-2.175995
0.880624
0.022236
-1.688451
-0.877322
1.126068
0.454087
-1.657557
0.448187
-0.194595
0.070092
1.484908
1.564565
-0.130102
0.041664
1.091907
0.347684
2.548109
0.973033
0.283931
-1.087351
0.575012
-0.800668
-0.698537
0.908881
-0.657066
-0.013903
-0.030906
-0.823275
-0.091497
-0.432776
-0.480718
0.883619
-0.744626
0.570244
0.927283
0.564551
-0.332015
0.366835
0.025277
-0.677187
1.675321
-1.440297
-0.924471
0.734377
0.409087
-1.170551
0.466152
-1.654503
0.978104
1.493756
-1.965579
-0.626257
0.914295
1.328014
-0.079696
1.277825
-0.514286
-0.369049
-0.014959
0.471468
-0.599636
0.389007
-0.376758
1.575275
-0.945548
-0.395145
1.957266
-1.089702
-0.868843
-1.734395
0.843423
0.646987
-1.158433
0.411431
0.206107
0.430080
-0.788969
-0.933018
-0.149779
-0.588395
-0.152780
-0.596425
-0.218160
-0.356931
-0.093140
-0.218810
0.560964
-0.196314
-0.618549
0.384301
0.484903
-0.904532
-0.737987
0.680905
-0.664819
1.429620
-2.227161
-0.222428
-0.162916
-2.299560
-1.018408
0.602501
0.605078
-1.574568
-1.377424
1.407380
0.775332
2.891091
0.411369
-0.273307
-2.212088
0.113838
-1.014531
0.158653
-0.436462
0.016760
0.510330
-0.094674
1.538573
-1.476416
-0.153011
0.134707
-0.169500
1.126983
0.270221
-0.638663
0.690314
-0.144418
-0.780758
-1.673964
-1.718284
-0.864032
-1.448919
1.194066
0.192152
-1.526124
-0.092271
-0.280287
-1.131354
0.259411
0.695813
-0.682922
-0.071932
-0.289815
1.356764
1.424977
-0.802858
1.980028
0.427126
0.138664
0.923977
-0.002289
0.066751
0.108982
-0.353995
0.147769
-1.074983
-1.414150
0.172035
0.389319
-0.835588
0.188602
0.519339
0.834555
-0.652775
-0.102812
-0.090053
-0.315072
1.725660
-1.834710
0.022253
-0.053544
0.658922
-0.146098
1.003057
0.554492
-0.965559
-0.056407
0.330139
-0.417894
-0.453734
-1.050585
0.164165
-0.624087
0.952299
-0.765087
0.034937
0.193169
0.204923
0.790085
-1.026733
0.653212
0.683990
-1.003080
0.835503
1.978489
-0.496949
-0.512819
1.184460
1.906199
0.293528
-0.120870
-0.037121
-1.615329
-0.735675
0.634807
0.623788
0.053443
0.603937
0.749194
0.107021
-0.177289
-1.181421
0.074113
0.182667
0.211143
0.037404
0.678311
0.198750
-2.005793
1.382770
-0.321484
1.346650
-0.178041
-0.321760
-1.035997
2.003419
0.121861
-0.368528
0.311404
0.660744
0.313696
1.730438
-0.454151
-0.400812
-0.748162
1.314452
-1.207558
-0.757234
0.627722
-0.328429
1.558897
-1.433740
1.098764
0.368913
-1.257132
0.040034
-0.432815
0.162393
0.985789
-1.094815
-0.882284
0.098062
0.493176
-0.775890
1.254971
-1.233916
-0.790664
-0.754202
0.166132
0.014434
-1.111390
-0.669657
0.087660
0.383851
-0.701377
-1.350010
-0.197734
0.823596
0.412332
0.159087
0.335076
0.107821
1.018150
-1.296255
1.393298
-0.476016
1.615508
-0.336286
-0.347681
1.358406
0.119514
-1.112279
0.389908
1.681716
1.522637
0.327614
-1.270318
2.123629
-1.015629
-0.505671
0.278983
1.120224
1.723032
-0.574597
0.396929
1.326371
-0.613756
-0.520033
-1.662612
-1.335418
-0.036595
-0.170040
0.008783
-1.665681
0.470644
0.813921
0.048818
0.147018
-0.697303
1.292773
-0.794362
-0.866653
2.719181
-0.529670
0.118795
-0.243940
-0.553137
0.251292
-0.489693
1.460508
-0.423486
0.077196
-1.704253
0.774694
1.232839
0.187613
0.413016
-2.326715
-0.751804
0.778069
-0.248356
2.384669
-2.294188
0.983937
-0.937819
-1.082654
-1.205331
1.628686
-0.485643
0.938122
-0.050816
-0.254614
-0.183919
0.539686
1.554294
0.110814
0.111150
1.201588
-1.511516
-0.875485
-1.150370
-1.012280
-0.862133
-0.065009
-0.569119
0.870164
-0.445987
-0.919990
0.496690
-2.082683
0.717919
0.343643
-0.550829
0.756556
0.738250
0.707234
-0.591274
-0.554025
-0.159387
-0.972992
-0.137281
0.668487
-0.265947
0.787838
-1.088251
1.216777
-0.440317
-1.098826
0.488579
0.419562
0.604054
1.253631
0.638191
0.646137
0.198016
0.839595
-0.777005
2.045936
0.111903
-0.449104
2.228115
-1.478313
0.066028
0.366615
-0.309002
-0.534444
0.315106
1.774277
-0.323585
0.446994
1.259404
-1.386554
-1.123232
-0.841926
0.949291
-0.154391
1.428153
-0.685509
0.360161
-0.911720
1.831741
-0.722316
1.100178
0.392133
0.343410
-0.753267
0.603736
2.743889
-0.483149
-1.105191
1.791562
0.042653
0.649160
-0.075056
0.542869
1.051248
1.008405
1.103167
-1.162755
-0.033940
-0.986560
-1.084644
-0.302641
-0.005681
0.131719
-1.262918
0.100387
0.137614
-1.187632
-0.172620
0.014949
1.439112
-0.644035
-0.987633
-0.202154
0.680591
-0.151808
-0.802088
0.029427
0.362525
-0.217852
-0.586127
0.580833
0.368404
-0.099613
-2.662623
-0.000625
0.741961
0.968139
-2.013161
0.105407
0.306050
0.582331
0.239978
1.560199
-1.366444
-0.077521
1.351562
-0.809751
-1.125328
1.056298
0.151480
0.040038
1.325048
-0.493875
-1.887069
0.068864
-1.007974
0.204172
0.401285
-0.079378
0.783926
-1.536960
0.780082
-0.985430
-0.654115
-1.142292
-2.540405
1.272943
0.162034
-0.528559
1.570798
-0.280321
-0.434012
-0.544192
0.645797
0.298548
-0.760964
1.620201
-1.444174
-0.651689
0.687261
-1.135426
-1.030427
0.557453
1.645811
-2.011039
0.434740
1.494237
0.159506
0.677050
-2.033013
1.128093
-0.070101
1.240465
-0.061261
-0.618949
0.601390
1.501269
-0.316766
1.064021
1.158741
-0.407628
1.806614
0.837448
0.096528
2.390563
0.134141
-0.786854
-0.519508
2.658528
-0.298757
1.948882
0.160517
-2.181831
-1.887308
-0.379749
2.251437
1.391758
-0.232297
0.045077
1.359316
0.034856
1.927512
1.318873
0.571955
-0.023465
-0.662815
0.193159
-0.098509
0.261058
0.046387
-0.075112
0.379025
0.948166
-0.653424
1.387721
-1.872322
0.406542
0.487705
-1.261809
-1.396693
-0.465251
-0.627967
0.778766
1.512124
-0.377418
1.692629
-0.611691
0.601980
0.035328
0.334316
0.858135
-0.520128
0.480618
0.705285
0.790612
1.589056
-0.472549
0.198621
0.961650
-0.717726
0.196374
0.643695
-0.237192
0.869185
-0.233303
-0.603864
0.209835
-0.575523
-0.658705
0.880273
-0.425125
2.477431
1.752283
-0.943962
0.595035
1.802991
-0.195974
0.077579
-1.897993
0.004994
0.678965
-1.348813
0.728931
-0.627455
0.252403
-0.035716
0.120712
0.230990
-0.113750
0.442905
-1.022209
0.709253
-0.553273
-0.889010
-0.237277
0.865583
0.323073
-0.861494
0.573398
-1.666145
-0.028839
-0.878747
-0.648699
-0.797693
0.100430
-2.087683
0.570793
-0.809880
0.087301
1.226217
0.627808
-0.054972
0.528142
-0.132698
-0.539695
0.899655
0.453764
-1.153462
-0.053775
0.117943
0.147718
0.517441
0.539125
0.385128
-0.773059
-0.994902
-1.713964
1.152390
1.090690
1.069334
-0.864180
0.663824
-0.552161
-1.147548
0.481876
-1.568478
0.499659
-0.664476
0.537907
1.677483
0.744690
-1.083152
-0.245315
-0.701165
-1.151127
0.898632
0.284742
2.273622
-0.573876
-0.125248
-1.591827
2.042221
-0.834904
-2.782101
-0.193092
1.151500
1.065414
-0.038275
0.907340
-0.572841
-0.926650
0.626447
0.983092
-1.093171
0.415940
-0.340661
0.323908
-0.582019
-0.200802
-1.685331
-0.268721
-0.527569
0.539252
-0.459012
-0.920638
-0.603927
-0.749046
-1.287617
-0.741210
0.049503
-0.498072
1.006239
0.345720
2.291942
-0.502287
-0.301664
2.258630
-0.984774
0.945018
-0.318642
-0.191615
-1.283516
-0.087655
0.174019
-0.459778
-0.779858
0.233619
0.548606
-0.635663
1.226550
-0.035003
-0.395578
-1.082448
-0.980441
0.232691
0.143681
0.197475
-0.529776
-1.091219
-1.748264
0.098769
-1.175342
-2.076190
-1.004934
0.362275
-0.494901
0.870064
-0.449691
1.081333
-1.358200
0.643530
-1.222391
-0.545993
-0.213497
0.809745
0.439119
-0.268343
-1.037243
1.069170
0.282493
0.078213
-0.891462
-0.288083
-1.437428
0.410983
-1.775470
0.850769
0.718325
-0.733305
-2.936090
-1.854082
-0.698855
0.580646
-0.632489
2.229942
0.592105
0.905314
1.188468
0.936158
0.434640
-1.198424
-0.128498
1.510084
1.933446
1.048230
1.452933
1.195250
0.300381
1.514482
0.952607
-0.643502
0.262443
-0.755082
0.010766
-1.950796
-1.202450
0.596013
-1.289886
0.640357
1.076306
-0.509282
-0.161862
-2.411276
-0.256058
-0.211735
-1.300961
0.189346
0.434927
-0.243043
-1.048195
0.278489
0.562446
2.051513
-0.550131
-2.669885
0.110629
1.315673
1.788785
-2.916996
-0.428891
0.110891
1.167902
-0.146105
-1.421022
0.326910
0.443127
2.930815
1.896903
-0.447471
-0.291276
-0.880639
0.688868
0.691886
0.717157
0.528472
0.127515
0.352763
-0.943688
-0.987831
-0.014288
1.772304
-0.096686
-0.775819
0.052889
0.344915
0.143915
0.431735
0.593243
-0.617315
0.293500
0.164067
-0.044091
-0.283182
-1.029154
-1.585570
0.686290
0.197529
0.499538
-0.928535
-0.509835
-0.212103
1.712312
0.670489
-0.846547
-1.345630
0.722191
0.725405
0.315576
-0.508487
-0.492210
-0.955227
-0.601365
-0.536627
-0.341535
-0.079265
-0.199505
-0.434380
0.002401
-0.958161
0.113768
1.194311
0.358778
1.930333
0.959031
1.437293
-1.886475
1.251763
-1.715220
-1.458485
0.642365
0.126276
-0.448533
-0.512978
0.708028
0.528323
1.547478
-1.784926
0.305024
-0.305358
-1.009088
-0.946051
1.840090
0.014532
0.779413
-2.328577
1.171341
-1.354454
-1.126157
-0.242907
-0.879312
-1.631027
0.679055
0.987643
0.443976
0.563777
0.901863
-1.497658
-0.506403
-1.146766
-0.440504
0.830399
-1.478870
-0.191840
1.154025
1.733766
1.739764
0.788509
-0.973299
-0.780545
0.893508
-1.227534
0.247313
1.294092
-0.895147
-1.491384
0.638040
-0.504699
0.933206
0.924685
0.701228
1.505248
2.068098
0.029293
1.111267
0.647876
0.587890
-0.118935
-0.175421
-0.068758
-0.741266
0.450964
0.289621
0.350729
0.776741
0.408262
-0.290578
-0.429163
1.022392
0.360275
0.581067
-0.039239
0.568820
-0.496080
0.410895
0.412518
-0.335841
0.447672
-0.393643
0.798971
-0.445327
-0.540059
0.326425
-0.500209
0.671657
-0.722439
-0.025901
1.586810
-0.051725
-0.876538
1.621904
-0.099972
0.476651
-0.050850
-0.870214
0.197693
1.450804
-0.838649
-1.732181
1.466924
1.100226
-0.674249
0.979855
0.872537
0.658477
-0.754709
0.726280
1.754636
0.163887
-0.285718
-0.556684
0.142634
0.841378
-1.002126
-1.264453
-0.254177
-1.784422
1.050256
0.381773
-0.797805
0.410635
0.714532
-2.251385
-0.877871
0.759318
1.427495
-0.549915
-0.331908
-0.441267
0.256689
-0.816729
0.725319
-1.573776
1.278550
-1.122140
0.961432
-0.156131
0.066632
-0.419504
0.588480
1.031819
0.682423
2.007048
0.359306
0.626860
-0.542144
0.898608
1.797870
-1.200896
0.665736
-0.615967
0.798614
-1.388410
0.138974
0.106433
-0.219534
-0.510846
0.217590
0.320003
0.363683
0.912660
0.399786
-1.741745
-0.737576
0.591249
1.468330
-1.214079
-1.160037
-0.952694
-1.260615
0.114122
1.245082
0.780718
0.723629
-0.378237
-0.702691
-0.285946
0.846467
0.720989
-0.062410
-1.120101
-0.607953
-1.844002
-0.285949
-0.367195
-1.559351
-1.804027
0.215412
-1.606016
0.496034
1.306486
-0.748767
-0.467125
1.621468
0.204878
-1.879693
-0.025197
-1.286704
1.947848
-0.364348
0.838628
0.299333
-0.754214
-0.653752
-0.877272
-0.060907
1.119111
0.776130
-0.995696
0.199294
0.497296
0.155237
-0.141502
1.694596
0.090816
0.223384
-0.544956
0.440966
0.150383
-0.339248
0.549818
1.323321
0.660996
1.592261
0.560780
-1.357233
-0.706150
-0.447128
0.374651
-0.215048
-1.617909
-0.109090
-0.090769
0.912139
0.546674
-0.389157
-0.390877
0.485692
1.172262
-0.650303
0.758599
1.110720
0.872325
-0.710260
0.795508
0.166075
0.140493
0.299584
-1.836373
-1.339575
-0.199516
0.046323
0.505081
0.512537
0.586308
0.520594
-1.225565
-0.895300
0.721966
-0.730462
-1.090446
0.663015
-0.345372
0.254068
-0.642475
-0.577199
-0.789666
-0.489527
-0.860988
1.591588
0.196529
-0.365244
0.321149
0.702832
1.172849
0.719379
0.194526
0.029991
-0.355961
0.516522
0.015235
0.142077
-1.090663
-0.259534
0.728646
-0.317981
-1.021135
-0.570425
0.578983
1.303389
-1.140419
0.077624
0.368929
0.188442
1.106802
0.817645
-0.099680
-1.594258
1.119370
1.324191
-0.525374
0.953068
0.450220
-0.812336
0.882498
-0.946191
-0.690265
-0.947488
-0.055590
0.903133
-1.473208
1.132975
-1.776419
0.211708
0.050350
-1.080688
-0.085630
-1.185172
-0.362265
1.094442
1.587103
-1.225187
1.792611
0.040655
0.332561
-1.867742
0.693383
-0.588180
0.876917
-0.045390
0.393805
0.249682
0.046243
-0.714309
0.333549
1.422876
-0.359934
-1.194754
-1.165131
0.461890
0.491147
-0.580110
0.159275
2.290000
0.712178
-0.636297
0.759875
-0.655659
0.421117
-0.463108
1.236112
0.006607
-0.105300
1.288202
0.579940
0.096748
0.979286
-0.207502
-1.904480
-0.599476
-2.180678
0.918532
-0.109066
-0.232407
-0.815146
0.456407
0.624700
2.066234
0.064709
0.083337
0.654128
0.081122
-0.248784
1.279087
0.921476
0.658285
-1.428586
1.537594
-0.970442
-2.197989
1.172830
1.370149
0.499931
-0.280780
0.431272
0.349499
1.019428
-0.055396
0.712952
0.917623
0.212037
-2.161642
0.129115
1.193679
1.830820
1.015395
-1.358246
1.023490
-1.333041
-0.561531
-0.332322
1.189504
0.180335
0.756184
0.554674
-1.062886
-1.165569
-0.153620
1.021387
-0.571806
-0.979555
1.685584
0.665175
-0.365593
1.010633
0.693824
0.653682
-0.354693
-1.083697
-0.155850
0.007156
-0.670481
0.127383
0.640694
3.376275
0.487167
-0.536591
0.380907
0.052681
-0.713465
-0.688538
1.357981
-0.865070
0.049288
-0.899579
0.525955
1.122588
-0.227592
-1.479397
0.267422
2.119537
0.875039
-0.699106
-0.965270
-0.725155
1.190393
-0.160010
0.760680
-0.101263
0.957342
-2.221184
0.910647
-1.021514
0.706247
0.743487
1.016787
1.711164
1.466456
-1.777375
1.424478
1.073705
-1.558521
0.490122
1.577166
-1.603276
0.305731
-0.486839
-0.902507
-1.302320
-0.342540
-0.235294
1.835957
-1.180858
-0.437698
0.452710
-0.043582
-0.662969
0.218419
1.881465
0.709406
0.269698
-0.584343
-0.909590
1.311708
-0.169318
-0.822777
0.904247
-0.586821
0.333195
0.584480
0.069505
-0.330557
0.281083
0.459729
0.233874
0.623065
1.088472
-1.130793
-0.709808
1.317834
0.888705
-3.312868
0.337388
0.089373
-0.299720
-0.246077
-0.957846
0.253252
0.778971
-0.487140
0.540265
-0.520144
1.431673
-1.118297
-0.298984
0.936848
-1.904739
-1.314051
-0.237554
-0.111465
-0.333405
-1.149078
-0.695313
1.024290
-0.751349
-0.341292
-1.039944
1.926145
0.560936
0.096746
0.817318
0.447846
-1.215964
0.401865
-0.030479
1.093448
-0.783055
-0.148963
1.195958
-0.828693
0.158906
0.604603
0.178496
-0.626907
-1.078098
-1.835113
0.059277
1.739344
-0.203962
-1.596798
1.208812
0.215305
0.810025
-0.219379
0.194508
-0.628727
0.437711
0.075101
1.489229
0.076040
0.477766
2.341191
0.420858
-0.334602
0.318280
1.224267
0.650348
0.680647
-0.652557
1.377544
-0.762954
-1.083439
0.797909
0.006431
1.060668
-1.352737
0.544506
-0.407720
1.280227
-1.087215
1.647314
-1.483587
0.075590
-1.197060
-0.803525
1.293777
0.266466
-0.595592
0.850708
-2.067675
-0.477057
-1.137220
-1.367805
1.185287
1.052055
0.763304
-2.611859
-0.739980
0.795810
0.670604
-0.785803
1.985842
-0.475582
-1.120304
-0.432554
0.489941
0.474304
0.773504
-1.490150
0.782047
0.110949
-0.376073
1.150408
-0.912532
-1.080388
-1.496802
0.206416
-0.237906
0.277112
-0.583017
0.411916
0.984858
-2.143997
-0.488027
-0.885552
-0.043723
-0.321355
-1.223281
0.667013
0.350259
1.648961
-0.972582
0.088683
3.047459
-1.142735
-1.913330
2.525178
-0.177564
0.126979
-0.670197
0.487243
1.368622
0.924525
-0.765720
-0.269455
0.304546
0.078302
0.653023
-1.095945
-0.183305
-0.640254
-0.942051
1.411284
-0.576334
0.234615
0.426882
-1.312991
-2.734742
-0.707172
-0.851753
-0.483724
-1.148391
0.733225
-0.797132
0.100537
-0.575231
-0.654150
-0.427988
0.091131
1.428715
0.361012
-0.599852
0.274060
0.395480
0.576710
0.299465
-1.114510
-0.718982
0.770557
-0.841732
-0.258550
1.482611
-1.315129
-0.385412
-1.737797
-1.667769
1.615961
-1.524556
0.484098
-1.056093
0.266739
-2.530517
0.975584
-1.889293
-1.667728
0.197755
-0.592718
-1.342157
2.026904
0.633393
-0.018486
1.549957
-0.657572
0.176862
-0.386540
0.285194
0.271648
0.983633
0.361770
-0.117769
-0.709164
-2.606271
0.938274
-0.153909
0.434037
-0.698097
0.295258
-1.337236
-1.645526
0.144354
-0.768353
0.736608
1.044474
1.992718
-0.107685
0.435847
-1.958920
0.544815
-1.859415
-0.872906
0.205117
-0.162761
0.729711
-0.324459
-2.239257
-0.282495
0.040412
-0.290067
0.150154
1.479627
0.206695
0.196538
-0.497213
1.439607
1.762866
-0.750422
0.425024
-0.792634
1.260537
-1.151204
0.036741
-1.575792
-2.561220
-0.727466
-1.098456
-1.976346
-0.872360
-0.081766
1.039253
0.147343
-0.283367
0.909676
-0.007354
-0.251031
-1.316949
0.148205
1.199333
1.281614
0.056452
-1.313480
0.690565
0.894442
0.384345
-0.442963
-0.427943
1.988367
0.732502
1.252472
-0.982717
-1.102638
0.852144
1.659440
-0.862450
0.411675
0.673887
0.148786
-0.987993
-1.489682
0.072860
-0.151407
-0.953298
0.625300
2.435063
-1.530564
0.001997
-0.156250
-0.936866
0.747008
-0.221408
2.141630
0.897901
-1.615093
0.773646
-0.167095
-1.265621
1.219161
1.452130
0.924662
-0.272061
-0.533705
-0.332276
-0.056222
-1.458407
1.607554
0.890609
0.575683
-0.292805
-0.546862
-0.394538
-1.071319
1.190178
1.174284
0.438710
-0.969686
0.077145
-1.382555
0.180609
-1.455596
0.958926
0.019229
0.409220
1.251297
-0.488356
0.881055
0.594856
-0.679537
-0.624915
0.569164
0.047083
-0.085224
0.334598
0.150200
-1.074840
0.699525
0.492735
0.307598
-0.271580
-0.375299
0.937348
-0.292454
0.447951
0.567278
-0.915262
0.473301
0.700023
1.068905
-0.975140
1.319002
-0.371438
-0.881589
-0.413684
1.396706
-0.606965
0.847910
-0.108181
-0.815407
0.789669
0.612210
-0.061836
2.443049
1.109360
0.399054
1.564175
-0.035634
0.799878
-0.255062
0.306192
1.021984
0.143581
-0.527678
0.663728
-0.869422
0.335064
0.735550
-0.726712
-0.564755
-0.523280
-0.621103
0.907544
0.230748
-0.148104
-0.501891
-1.048717
-1.273258
-2.382865
-0.622255
-2.153900
-1.713883
-0.539305
0.540881
-1.459204
0.746444
-1.290287
-0.358427
-1.318087
-0.573968
-1.232728
-2.011776
-0.072320
-1.136898
0.565327
0.349242
1.228422
1.018563
0.534043
0.636969
-0.189263
0.468615
-1.311054
0.347287
1.452700
0.479070
0.339205
0.089478
2.850019
0.522365
-0.448017
0.135251
1.260699
-0.780837
-0.424018
-1.510247
-0.127408
2.028895
-1.204972
-0.391676
0.551465
-1.191359
-1.016566
-1.293899
0.087148
2.267817
-0.654414
-0.918836
-1.697133
-0.250178
-0.687774
-0.630431
0.744225
1.487444
1.199532
-0.591041
-0.073622
-1.318121
1.751845
0.573434
-0.631559
-0.519407
1.084463
-1.088527
-0.808086
-0.614218
-2.345482
-1.249554
-2.005220
-2.109251
-1.497579
-0.953007
0.407862
0.365414
-0.285376
1.693825
-1.844492
-0.867023
-0.221625
0.807309
1.126097
2.048054
0.444787
0.500448
0.884794
0.468569
-0.408607
-0.379646
2.349355
-1.793597
0.291875
-0.149348
-1.631691
-0.475591
0.111452
0.463219
-0.526923
1.221778
0.734862
0.240386
0.657242
0.846869
-2.227891
1.522418
1.776763
0.602757
-0.602358
1.993513
-1.979109
-1.041806
-1.280514
0.195693
-0.064751
0.038212
-2.578108
-1.754265
-0.599032
0.526395
1.236707
1.120616
1.166517
0.618515
-0.175799
-0.677652
-0.847190
0.797331
1.174517
0.140519
0.865564
-0.076100
-0.803514
-0.808891
0.190436
-0.075748
-0.819658
0.390680
-0.750443
-0.182528
0.781620
-0.745189
-0.635797
-0.479267
-1.670593
2.070088
0.451028
-0.431913
-0.936454
0.320291
-0.457288
1.699713
0.480304
-0.823499
-1.266332
0.890913
2.074458
0.731836
1.708976
0.118730
-0.862199
-1.245543
1.530132
0.652643
-1.755251
-0.579307
-0.810026
1.034124
1.298512
0.651983
1.202858
0.199910
-0.169163
0.980361
-0.153385
2.203561
0.748566
-1.398295
2.444627
1.497730
-0.792826
-0.167975
-0.482587
-0.084596
-1.289197
-0.501700
0.467673
1.174570
-1.506271
0.269488
-0.402104
0.740317
0.080490
-2.072683
-0.229800
0.926364
-0.932263
0.991122
0.202477
0.475619
-2.049139
-2.506417
-2.095025
-1.388202
-0.034568
-0.602477
-0.809573
-1.165555
1.526201
-0.276917
-0.443493
-0.877033
-0.778582
-0.538974
-0.977872
0.037318
-0.513351
-2.028620
0.193562
1.460233
1.475533
0.200110
0.364942
-0.368406
-0.034096
-0.266575
-1.683227
-0.525697
1.157293
0.854115
-1.277853
0.066712
1.401234
-0.040994
-0.007965
0.566166
1.404080
-0.414959
0.523965
0.483439
-0.246520
1.474758
1.890990
0.473296
1.273108
0.043027
-1.176620
-0.681058
0.682390
0.947366
0.262866
-0.618339
1.816809
-1.214215
-0.166404
-1.955138
0.104741
0.640082
0.516123
0.037917
0.847170
1.779042
-2.253658
-0.986973
-1.257671
-1.307742
2.695881
-0.395705
0.448240
0.061684
-1.074145
1.658842
-1.770285
-0.158623
1.015418
-0.659199
1.235462
-0.020348
0.413005
0.988911
-2.115801
-0.955837
1.015775
1.877869
0.961163
0.208118
0.151129
0.823293
-1.649477
0.528160
-0.930951
0.561527
0.354748
-0.441552
0.537547
-0.634897
-0.427408
-0.603186
-0.027243
-0.441248
1.741879
0.079104
-1.270774
-1.158618
1.483785
-1.485731
2.489413
-0.388964
0.472430
-0.473729
0.043464
-0.302763
0.359308
2.142481
-0.105781
2.237921
-0.145126
0.151997
-0.519825
1.389492
-0.827216
1.327978
-1.678145
-0.946411
-0.875550
1.472375
0.268364
0.983994
0.002975
1.443649
0.530620
-0.866310
0.626952
-1.518373
-0.141930
-0.504109
1.666480
0.759589
1.832754
1.586135
-0.071835
-0.041763
-0.766563
-0.633742
-1.505333
0.014936
0.264829
-2.027600
1.285061
1.041055
-0.501111
2.641768
-0.652992
0.465481
-0.328296
0.536329
-1.744341
1.352959
-1.447980
-0.752603
0.828120
-0.219977
0.485867
0.338178
-0.676330
1.660451
-0.021314
0.642246
-0.648542
1.292698
-2.058624
-2.136903
-1.821216
-1.051283
-0.597583
0.211121
0.048390
0.413426
-1.264473
0.712356
1.033386
1.177925
-0.455221
-0.442944
-1.071753
-0.384124
0.858150
-1.039680
0.709409
1.028685
-0.660036
1.037521
1.236145
-1.406868
-1.545757
0.566077
-0.385322
0.093218
1.959908
0.248610
-0.075699
0.079842
-0.432687
-0.683935
-0.943570
-0.455140
-0.993080
1.829464
0.519842
0.102943
0.183929
1.808920
-0.767437
-0.275495
-0.551125
0.370463
-0.017283
-0.512081
-0.513736
0.739177
-1.098884
1.841864
-0.098185
-1.227507
-0.196347
0.531416
1.563627
-0.560307
-0.268862
-0.431631
1.471306
0.876439
-0.395934
0.361119
-0.957199
1.061051
-0.171789
0.895144
0.101645
-1.196988
-0.791935
0.925259
-1.639761
1.127421
-1.824021
-1.897359
-0.026558
-0.229744
0.479326
-0.002084
-0.086796
0.863974
1.153579
0.542223
-1.579910
-1.317084
-0.079476
-0.047985
0.922647
-0.102313
2.263022
2.241965
1.283559
-0.774677
-0.496340
-1.746017
-0.888710
0.063665
0.140381
0.349253
0.112758
-0.782502
0.178972
-0.335721
1.263485
2.601425
-0.973499
0.852987
0.107962
-0.332239
2.031772
0.397047
0.957994
-0.058540
0.050882
-0.146907
0.863661
0.316423
1.017543
0.727070
-0.566576
-1.170593
-1.563522
-2.233495
-1.109985
-0.338135
-0.812496
0.705819
-0.693094
-0.290929
-1.334495
-0.247968
-0.783232
-0.545495
0.671771
1.414923
-0.072440
-0.471092
-0.757539
0.980866
-0.217996
0.874721
-0.312964
-0.083823
0.738017
-1.815120
-0.227019
0.423272
0.685325
0.552641
-0.773307
-1.174249
-0.504755
-0.484112
0.178329
0.384281
-1.155468
-0.435963
0.624866
0.613133
-0.495188
0.798049
0.234036
0.669669
-0.040547
0.694274
0.487472
1.340260
0.722739
-0.666430
-0.661022
-1.053572
-0.009527
-1.185215
0.916163
-0.901806
-0.336150
0.519119
0.453506
-0.012700
-1.516414
-1.352332
-0.390257
0.560032
-1.873852
0.326045
-1.787929
0.580487
-2.360061
0.261222
-0.200039
-0.453607
-1.407196
0.689068
-0.379904
-0.875334
-0.559250
1.003030
0.698888
1.394545
0.306496
2.497721
-1.057340
-0.024056
1.135560
1.341262
1.328194
-1.868579
0.728241
-0.183069
-1.104812
1.381872
-1.009965
-0.631719
0.733426
0.398934
-0.751811
0.942718
0.740257
0.903931
0.650534
-0.599959
-0.412701
0.054980
1.058808
0.690956
-0.277533
-1.309257
0.357179
0.274740
2.531128
0.400962
-0.768714
-0.968281
1.569730
-0.083457
-1.678663
0.071550
0.813345
-0.382640
0.610069
0.057409
0.242603
-0.569299
1.139352
1.304263
1.255258
0.516969
-0.443194
-0.514248
1.027031
-1.470517
-1.051693
-0.547046
0.281843
0.827537
0.425574
0.938204
-0.237215
1.278096
-0.234477
-1.853748
-0.423463
0.475296
-1.197590
1.618795
-2.336950
0.030334
1.093630
0.210205
0.953004
0.957457
1.475036
-0.180699
1.303438
-0.257663
1.571764
1.260500
0.281682
-0.526238
0.860496
-0.426768
0.147370
-0.111600
-0.793118
-0.214504
1.745665
1.103882
-1.435015
-0.600566
0.420678
1.213826
-0.203722
-0.037947
1.323681
1.039669
1.435646
3.087662
-0.720861
0.857475
-0.120387
-0.093897
2.193853
1.504078
0.835172
0.006250
-0.935453
0.148173
1.761376
0.710489
0.398786
-1.101405
0.434219
0.449519
-1.954473
0.086591
-0.803609
-0.438313
-1.508036
0.979547
1.373795
-0.778224
-0.593602
-0.054351
-0.564352
-0.733236
1.056202
-0.386134
-0.734481
-0.350675
-0.496652
0.226860
-1.263593
1.104054
0.555123
-0.882932
-1.711293
0.983413
0.079711
0.187426
-1.467792
1.773532
2.649228
-0.197455
0.509280
-1.514216
0.491156
-0.529142
0.078746
0.640071
0.396622
2.202504
-0.102061
-1.758142
0.450044
-2.446886
0.160153
-1.010946
-1.216822
0.322989
1.021674
0.755142
-1.534636
0.305357
0.903634
0.018224
1.221067
-0.132008
0.489765
-1.227377
0.343766
-1.361328
-0.579317
-0.341407
1.631812
1.311829
-0.469322
1.187253
0.127611
-0.224554
0.296968
1.677032
-0.567966
1.057614
0.123850
0.759105
-0.279574
1.016169
-0.120757
-1.985330
-0.628183
-1.145362
-1.587002
-0.214744
0.223970
1.650041
-0.243605
1.137744
-0.011621
0.210055
-0.224290
0.837717
-1.075475
-2.359161
1.682582
-2.324216
-0.403505
-1.452190
-0.942593
0.210087
-0.667070
2.247064
1.173827
0.098558
-0.409614
-0.663377
-0.398945
-0.934118
-0.075335
-1.230145
0.871277
1.667116
-1.489041
-0.782030
-0.813019
-0.672833
0.495480
-0.287357
1.133702
-0.216718
0.979627
1.153490
-0.297139
-1.927387
-0.880423
-0.870247
-1.174741
-0.286300
-0.683897
0.289322
0.819389
1.606329
-0.306218
0.446039
0.350450
-0.392730
0.084593
-0.364241
0.492577
-2.179011
-0.784054
1.014984
-2.500996
-1.207977
1.717564
-0.250216
0.805002
0.176355
-0.358403
-0.005047
-0.506475
-1.213586
-0.883265
-0.294914
-0.201013
-0.590456
0.298553
0.320714
-1.762084
0.268613
-1.156414
1.635761
-1.760738
0.033805
-0.046004
-1.771161
2.106573
-0.944643
-1.793962
1.225065
1.583809
-0.236318
1.301660
0.979619
1.275452
-1.007385
-0.048881
-1.432737
0.314977
-0.431726
-0.390491
0.775269
0.739567
0.937680
-0.215701
-0.407278
-0.103771
1.215089
-1.201794
0.416417
0.646850
0.119080
-0.174128
1.982729
0.490680
-1.092167
1.408107
0.319181
0.985297
-0.932288
0.778052
-0.664000
0.897604
0.590250
1.568878
1.408098
1.079265
0.227742
-0.012200
-0.865724
0.507769
0.599730
1.236293
-0.174591
-0.174656
-0.396241
0.896089
-0.552573
-0.016198
0.384460
0.697692
-0.650877
-0.010923
-0.611461
0.012395
-1.197213
2.400592
0.507339
-0.615752
-1.318127
-0.629386
1.120397
0.874946
-0.286394
-0.924277
0.711272
-0.742882
-0.657714
1.502782
0.002537
1.293266
-0.124226
-1.106706
-0.352375
0.356020
-0.702117
-0.159836
-1.626445
1.212419
1.285764
-1.045461
0.015116
0.561403
2.287766
0.146029
0.106388
-1.630581
0.334650
1.164817
0.300578
-0.112452
-0.099039
-0.273787
-0.814036
0.042278
-0.518345
0.659808
1.200875
0.163971
0.574898
-0.333423
-0.759231
-0.482370
-1.059352
0.379325
1.060729
-1.751148
-1.783876
-1.424745
-1.802153
-3.293845
-0.497570
-0.561058
-0.645254
-0.046096
0.823781
0.966705
-1.932362
0.278196
0.027313
-0.356712
0.203509
-2.725975
0.408013
-1.427255
-0.872932
0.327797
-1.882337
1.275295
1.124675
-2.023400
-0.454460
-0.457622
0.555856
1.855594
-0.638351
-0.097179
0.136459
-0.054072
-1.391095
-0.810264
1.314365
0.076187
-1.415175
1.592799
-0.616866
-0.334876
0.410338
-0.539562
-0.151987
0.402079
-0.876926
-1.294670
0.654101
-0.486888
0.051292
-3.365955
-1.126855
-0.800121
-0.861768
0.534775
0.129424
1.628089
-0.259491
0.810884
0.560339
-0.944860
-0.719724
0.473131
-0.418995
-0.939766
-0.783584
-0.521122
1.170799
0.231062
-0.447237
-0.136629
0.857935
2.019992
-0.329591
0.864638
-0.207791
-0.679237
-0.043917
-2.605098
-0.120306
0.178660
0.863781
0.134747
0.047497
-0.005835
0.529672
-1.290428
2.121928
-0.360619
0.636279
0.702918
1.012639
0.681875
1.604469
-0.735896
-0.490393
1.502006
-0.976799
1.211806
-0.723907
0.450441
-1.267771
-0.760217
-0.821941
0.596171
-0.930029
1.071979
-0.760842
-0.347755
0.157535
0.164048
1.463200
0.823101
0.266812
0.936605
0.092487
-1.824154
-0.352487
-0.117219
-0.723621
2.311740
-0.214060
-1.126425
0.480610
0.304631
0.110297
-0.099454
1.096656
-0.288292
-1.043533
-0.041914
0.828597
1.311340
0.528963
0.577697
0.364644
-0.018375
-0.357199
-0.904597
1.136561
-0.163162
-0.910596
-0.220159
-0.071422
-0.812558
0.038439
-0.528796
0.799668
0.044940
-1.955459
0.503913
-0.831132
-0.137420
-0.170977
-0.247821
1.081768
1.764391
0.095506
-0.326039
0.530554
0.662659
-1.748626
-1.366287
1.307193
-0.848280
-0.167438
0.518791
0.273729
-1.673687
0.837176
-1.154530
-1.439070
0.413944
0.088041
0.371833
0.685562
-0.095799
-1.226905
0.544101
0.567937
-0.438903
0.795411
-0.776727
0.467864
1.596842
0.354733
-0.018585
-0.634526
0.730770
-0.629798
-1.078636
1.934392
0.391149
0.465737
-1.133521
0.482343
0.300539
-0.006589
1.417891
0.493752
-2.737921
-0.328707
-1.616047
0.925159
1.179754
0.252265
-0.374676
-0.644750
2.434997
1.877061
-0.436543
0.745837
0.908591
-1.467409
-2.558749
0.809284
-1.616625
-0.243539
-2.533620
0.142988
-0.890701
1.717814
0.064502
0.039571
-1.389161
2.422793
2.016188
-0.576868
0.541634
-0.349163
-0.227840
0.695470
-0.184921
-0.151467
1.252803
-0.740161
-0.341273
0.410046
-1.549375
-1.444474
-1.224099
0.245930
0.558157
1.311354
-0.664091
0.169469
0.993734
0.162791
2.033186
-0.332529
0.320508
0.616233
0.397520
-1.121837
-0.748122
-0.558059
1.593095
-0.423873
0.280034
0.869116
-0.364443
1.068785
0.873879
0.675920
0.113196
-1.189597
0.955387
1.274688
0.800976
-0.620563
-1.806905
0.561460
-0.646473
0.696147
0.501294
-0.485005
-0.887430
-1.488681
-0.485267
-0.342022
-0.551982
-0.610087
-0.843692
0.578195
0.829315
0.033199
-1.002559
0.363597
0.262732
0.740810
-1.004110
-1.455428
0.605078
-0.265234
-0.825088
-0.595494
0.202025
1.068424
-0.233151
-0.541558
0.450851
-1.510225
-0.071495
1.200223
0.312077
0.612836
0.945589
0.012697
1.143424
-0.177605
-0.247787
0.121495
-1.320507
0.577753
0.738864
0.386181
-0.795963
0.953190
-0.051352
0.262667
-0.170448
-0.604702
-1.860354
-0.263251
1.778091
0.404918
-0.066173
0.634545
0.771327
-0.450367
0.862307
0.006496
-1.212563
1.431923
-0.569279
3.352175
-0.528202
-0.005533
-0.993023
-0.183057
-0.862455
1.184559
2.237960
0.396173
0.896013
1.292724
1.082133
1.422545
-0.443775
1.131576
-1.135136
0.487105
1.524326
-0.367632
1.170895
-0.563155
0.363475
-2.131582
-0.110315
-0.265026
0.022446
-0.319709
0.474590
-0.214144
-0.831721
-0.237525
-0.836377
0.950898
-0.056519
-1.242386
0.687409
-1.328279
1.673443
-0.441079
-0.570465
0.413446
0.654715
-1.096740
-0.391992
-0.802900
-1.179480
0.613085
-3.106753
-1.302950
-0.735732
-0.466459
1.549549
-1.069836
0.121961
0.472778
0.131783
-0.648558
-0.754581
-0.545654
0.871947
0.910840
0.295345
-0.548829
2.154949
0.221185
-0.536779
0.804975
0.191868
-0.611668
-0.568876
-0.084487
-0.044300
0.513564
-1.495078
1.150025
0.481441
-1.376430
-1.777950
1.332186
-0.742696
1.128812
0.410574
0.170062
-0.979797
1.663263
1.004539
-0.530611
-0.385011
0.123740
0.308961
-1.338542
0.740527
0.902901
-0.655119
-0.365182
1.051941
-0.938661
-0.466049
1.580573
2.033948
0.525731
-0.270084
1.030092
-1.306022
0.946892
2.782200
1.204771
0.764004
-0.259426
-0.185140
1.342968
-0.130432
0.581024
-0.930807
-0.193756
-0.030002
-1.007557
0.456605
0.101928
-0.104484
0.116030
0.479570
1.360677
1.619731
1.078528
0.333849
-0.213596
-1.434199
-0.358340
1.053003
-1.519406
0.364332
0.570205
-0.206878
-1.850899
-0.226596
-1.820874
0.729906
-0.153597
-0.245531
-0.152507
1.121451
0.574494
-0.244491
-1.833945
-0.140669
-0.056317
-0.711135
-0.280354
-0.351648
1.795113
-0.354891
0.385374
-1.114870
0.319399
-1.457700
0.824700
0.815782
1.569939
-1.265756
0.177429
-1.257932
0.738045
-0.022244
-1.081973
-0.855429
2.326181
0.275271
0.595385
-0.100594
-0.093586
0.544036
0.197653
0.237145
0.487388
-0.748262
2.109624
0.201060
0.259623
-0.104356
-0.829043
-0.935809
-0.432018
-0.547210
-0.623537
-0.062843
0.649988
-0.491350
0.018384
1.319629
2.288500
-0.081145
-0.248609
1.497199
0.164506
0.453038
1.020191
-0.738750
0.446265
0.181860
-0.586321
0.370321
-1.325555
-1.454451
0.818595
0.597450
2.403691
0.864166
-0.401722
-1.729455
-1.022950
-0.540138
-0.736514
-0.627978
0.027413
-0.586719
-0.530944
-0.859425
0.067315
0.020245
-0.709979
-1.720613
-1.173041
-0.288067
-0.616028
0.403790
-0.691986
1.290763
0.151755
-0.373712
-0.784064
0.329034
0.103877
-0.856584
-1.126631
0.046357
0.982398
0.209369
0.073875
-1.043966
0.867250
0.294000
-0.228095
-0.469032
0.831360
0.618374
-0.715943
-0.549135
-0.925019
0.386750
-2.010008
-0.991378
-0.266635
-0.584349
0.712356
0.506806
-0.416870
0.033632
-0.198326
1.186970
1.229737
-3.286191
-1.025761
-0.518330
0.027133
1.386094
-0.566935
-1.242398
-0.482335
-0.635658
1.138072
-0.793066
0.814406
0.610302
-0.031195
1.172023
1.267073
-1.338878
-0.096076
0.646161
1.889652
-0.360651
-0.814760
1.224310
-0.400414
0.665456
0.627359
-0.893716
0.040791
-1.381138
0.886081
1.259949
-0.465572
0.315850
0.616129
1.061499
-1.673389
-0.168346
0.209127
0.317335
0.470301
1.021446
1.654203
-0.824226
-0.040130
0.116728
1.920758
0.024714
1.854678
-1.341768
0.545177
-1.757567
-0.369236
0.962873
-0.693455
0.424007
0.724359
-0.341587
-0.138761
1.498709
-0.243924
-0.816734
0.828031
-0.894814
-1.073601
-1.217906
0.502895
0.371142
0.436862
-0.833167
0.034854
0.375480
1.469980
0.566302
-0.220044
0.548295
0.401696
-0.539292
-1.003562
0.046702
0.837010
-0.797450
-2.092113
-0.349348
-0.431194
0.134379
-0.975709
1.452375
1.022273
0.407787
0.382856
-1.063254
-0.080597
0.152742
1.416320
-0.134659
-0.245225
-0.562904
0.763867
1.080683
-1.810627
0.397740
-1.139951
0.558980
-1.183578
0.013838
-0.668447
-0.510272
-0.304625
1.272520
-1.015425
-0.291882
-0.756447
-0.551104
-0.685860
1.479165
-1.611944
-1.163976
0.094170
-0.866279
0.240678
0.543126
-0.192478
-1.741874
-1.800751
0.406915
-0.440728
-1.640162
-0.602254
-1.172930
0.834440
1.001714
-0.111556
-0.955777
-1.343338
-0.292256
0.086372
-0.313349
-0.008579
-0.602035
0.546413
1.306740
0.172405
-0.050875
-0.721051
0.462110
2.911370
0.093928
-0.029217
-0.131217
-1.010340
0.875068
-1.616511
-0.274861
-1.491245
-0.320848
-1.542922
-0.582440
0.079294
-0.718057
0.718284
-1.649738
-0.022221
-1.143463
0.242357
1.883707
-0.631673
-1.272361
-0.910602
0.265301
1.467290
-0.709938
-0.397697
0.162501
-0.174505
1.205478
-0.606568
-0.792415
2.398806
-0.766415
0.145054
-0.494978
-0.199418
-1.381620
2.317178
-0.383519
-1.085950
-1.560226
-1.209938
-0.725386
0.263663
-1.257256
-1.335937
-0.244715
-0.784859
-0.088201
0.531178
-1.327493
-0.542144
-2.699012
0.009111
2.237825
0.438932
0.220851
-0.772902
-0.926903
-1.034010
0.969124
0.483402
-1.656725
0.757456
-0.724884
-0.668983
-0.923587
-0.009334
0.117909
1.141916
1.963704
-0.497520
1.668140
-1.122305
1.006818
-0.047743
-0.724958
1.046149
-1.125292
2.060070
-0.607786
0.907513
-0.909846
-0.000112
-2.327929
-1.247904
-0.377717
0.753161
0.494794
0.365975
-0.025411
0.745086
0.067822
2.446447
-0.192675
-0.547680
-1.362278
-0.840572
1.183273
-1.128698
0.817872
-1.160515
-0.259673
-2.153297
0.849581
1.474101
-0.176835
-1.733546
-0.077233
-0.840623
1.026090
-0.081777
-0.200112
-1.285113
-1.314102
-0.486953
-1.282265
-0.596171
0.696037
2.811065
-0.205614
0.105469
-0.265093
1.347761
-0.016709
1.811113
0.744509
1.586864
0.738220
3.084224
-1.694449
-2.730026
-1.457240
0.826206
-0.048327
2.077663
0.057088
-0.165361
0.367008
-1.333002
-0.924458
0.515085
1.138833
0.850643
-1.833168
0.551128
0.012567
-1.367486
0.565552
-0.877381
0.147044
1.348572
1.188439
-0.496117
-0.293038
-0.194907
0.445714
0.894959
-0.681738
-0.258641
1.013710
-0.575014
-0.343175
0.756447
0.883236
-0.081601
0.183776
-0.802518
0.290601
-0.527832
-1.414723
-0.720014
-0.099257
-0.514387
-0.286832
-1.499202
-1.079246
-0.594521
-0.451208
-0.756554
1.096698
-0.127435
-1.130373
-1.027462
1.184671
0.431434
-2.022003
-0.003228
0.022877
-0.966170
0.857501
0.524583
1.445325
1.264638
-0.241564
-1.060951
-0.974364
0.095336
0.273088
0.596505
-0.178446
-1.204909
-0.041288
-0.147338
0.404213
1.657820
-0.624833
1.267436
-0.725704
1.201382
-2.903974
-1.406039
-0.119627
1.149045
-0.181557
-0.470998
1.341533
-0.975078
0.835828
-0.025029
-0.018885
-1.655717
0.648969
-3.205692
0.988822
1.706725
-0.163579
0.012806
0.289362
-1.090472
-0.313481
1.464924
1.872418
0.299404
0.453478
-0.655835
-0.955250
-0.623955
-0.380225
-0.085184
-0.342441
1.933005
0.051028
-0.034572
-0.368924
0.653099
-1.075091
-0.465313
-1.659756
-1.733861
-1.104582
-1.224667
-0.510050
-0.104344
-0.248690
0.180888
-1.514655
-0.047592
0.523032
0.785593
-0.727099
-0.260654
0.843216
0.354284
-1.654102
0.584141
0.788631
0.449294
-0.453762
-1.430463
-0.247607
-2.178578
1.586329
-0.632885
0.812212
-0.893904
1.157528
-0.117071
-0.188264
-1.151784
-0.177032
-0.095707
-0.388662
0.074261
2.327534
-0.079184
1.463905
0.425905
-2.575780
2.875675
-2.297068
0.609761
1.354775
1.290014
-0.184260
-0.880099
0.417139
0.676449
-0.108248
-0.520907
0.131975
0.364562
2.880206
-1.091902
-0.449150
-0.181558
1.358632
0.504887
-0.274701
0.496345
0.775749
1.186320
-0.356256
-1.741716
-0.096949
-0.322927
0.538105
1.516015
0.866686
-0.132132
-0.179253
0.589275
-1.714042
1.204453
-0.315648
1.670689
0.277948
-0.446185
1.430451
-0.483203
0.924143
-1.841249
-0.101133
-0.237002
-1.355389
1.375905
-0.516630
-0.357749
0.978367
-0.645105
-0.539952
-0.218997
-0.476678
2.482698
-1.705495
-2.251064
0.056549
-0.325565
0.891622
-1.914474
-1.098251
1.323924
-0.748159
-1.337320
-0.171731
-1.401524
-0.230840
1.653361
0.511809
-0.308339
1.052065
-0.062424
1.016007
-1.023053
-0.516127
0.947003
0.609536
0.771097
0.875103
-1.215444
0.485982
-1.512732
0.665094
0.146615
-0.140193
-0.469048
1.214645
-0.461659
-2.151917
0.066233
-0.084733
0.150385
-1.862371
-0.461342
-1.378469
-0.471674
1.697395
1.331592
0.848986
0.409199
0.857658
0.160573
0.861538
0.071461
-0.322874
-0.807382
-0.069735
-0.714122
2.307871
1.073633
0.282615
-0.925150
-1.079573
0.725667
-0.335970
-0.461732
0.925170
-0.232020
1.302543
-0.481608
-0.539814
-0.022852
-0.744975
0.364822
0.013658
-1.320281
-0.731187
0.058528
-0.215761
0.184376
1.265956
-0.791743
1.863367
-0.277467
-1.386053
-1.204656
0.164917
-0.983367
-0.277066
-0.410897
-0.199906
-1.253421
0.251255
1.250768
-0.333291
0.062998
0.267357
-0.585022
-1.983626
0.593641
-0.908987
0.650484
0.498576
-1.037111
-0.234255
1.402174
0.608609
0.368871
-1.745187
2.540148
0.328341
-0.818499
-0.907044
-0.196953
-1.299052
0.508922
-0.593689
1.124029
0.941051
0.272911
1.421745
0.156419
-0.591011
-1.079872
2.615969
-0.805960
-0.844048
-0.281299
-0.230840
0.981129
2.104849
-0.524300
0.203672
0.166102
0.090725
-0.264340
-0.214957
1.135024
-0.420567
0.134580
0.293729
-1.196726
-0.224068
1.889302
0.000820
0.370601
0.527359
-0.165141
0.204126
-0.101067
0.208116
0.354772
0.869844
1.373598
-0.715275
1.696555
-1.737811
-0.932938
-0.015018
-0.400430
-0.709763
-0.109579
0.501382
-1.414893
-0.047974
0.141267
1.551161
1.385291
1.130781
-0.408484
-0.381333
-0.643360
0.373091
-1.412266
-0.217111
-1.408307
1.259246
0.779332
-0.117987
-0.394779
0.678581
-1.431327
2.299015
1.145029
0.628893
-1.026612
0.832094
-0.827814
1.350791
-0.575081
0.558975
-0.552762
-2.167866
0.590177
-0.745259
0.797143
0.013273
-0.798701
-0.509644
-0.864059
-0.900367
0.679085
-0.949887
0.809310
0.168531
-1.057209
-1.013106
-0.175988
-0.325499
0.405021
-0.818996
-1.777752
1.621152
-0.844650
-1.050322
-0.502374
-0.348342
-0.815187
0.911920
1.692009
-0.540093
0.871708
0.902941
-0.496172
1.374438
0.481273
1.165506
1.648120
-0.471677
0.492100
0.076158
0.426832
-0.798502
0.498358
0.127467
1.619468
-0.559798
0.092609
-1.204972
-0.130816
0.484433
-1.610223
-0.351767
1.016213
1.236188
0.057559
0.882952
0.545960
-0.117153
1.261343
0.255990
0.609067
0.706119
-0.017174
0.238898
0.060174
0.306360
1.162261
1.024591
1.011216
-0.634125
0.079167
-1.594360
-0.567478
-0.436418
0.308349
-0.340312
-1.274741
0.865823
0.814845
0.969635
0.101590
-1.273922
1.057408
0.518764
0.196135
0.609026
-1.734743
-1.673946
-0.109012
0.805310
0.634905
-0.403309
2.048438
-1.038610
0.890361
0.214504
-1.361571
0.901076
-0.240200
0.707098
1.257455
0.703756
-0.446557
-0.312668
-0.823276
0.390847
-0.194164
0.823465
-1.226648
-0.445740
-2.015964
1.612675
0.295854
0.301271
0.263931
0.006912
0.586056
2.425226
-0.718581
-0.065923
0.148989
1.162779
0.875662
0.278667
-1.337493
-0.037778
-1.377270
-0.683225
0.175932
-1.914200
0.157210
-0.882007
0.209830
-0.898070
0.594820
-1.583813
1.137136
-1.626253
-0.478777
0.011666
-1.613156
0.928298
-0.758259
-0.486723
-1.048761
-0.626124
0.867220
0.772833
-0.911982
1.864602
-0.734486
2.056515
0.072915
0.542773
1.192461
0.655826
-0.029217
-0.454632
-0.887076
0.756606
1.023155
-0.418092
1.714256
-1.020311
0.695698
0.048933
0.182350
-0.346855
-0.679747
-1.979042
-1.061609
1.014531
-0.278639
2.506629
-0.352875
-0.608585
0.206055
-0.255555
-0.612363
-1.379978
-0.932793
-1.613495
-0.252436
0.518932
-1.808021
0.253531
1.178221
2.477091
1.775252
0.055610
0.025226
0.435808
-1.071745
-0.504637
-0.312022
-0.663148
1.064593
-0.727380
-1.467290
0.044633
-0.177934
-2.213795
-1.226651
-1.191503
-0.779199
1.884128
-1.166818
1.169204
-0.864487
-0.011456
1.955086
1.493418
0.964635
-0.586275
0.766025
-1.033700
-0.454285
0.523337
-0.831279
0.145420
-2.022361
-0.496023
1.354054
0.404871
0.019305
-0.329893
-0.316721
0.813631
-2.362642
0.039733
-1.018803
-0.131409
-0.587027
2.243263
1.259184
0.129746
-0.992638
0.316465
-0.215453
0.055642
1.625254
1.941060
-0.720521
0.297449
-1.671072
0.644245
1.575125
-0.788527
0.438131
-1.940295
-0.153215
-3.459739
1.010471
0.528110
-1.483758
-0.643508
-0.571579
-1.310038
0.335217
-0.169425
0.168502
-0.593553
0.053563
1.754861
1.131154
2.404467
-0.531400
0.052456
0.972744
-1.295639
1.234575
0.434594
-0.246761
-0.190516
-0.918507
-0.373363
1.247228
0.607841
-0.422507
0.220902
0.203018
-0.904959
0.452314
-0.376406
0.396212
-1.446302
-0.289642
-1.305766
1.006438
0.632900
-0.922617
-0.106953
-0.473024
-1.425554
-0.177415
0.570807
1.824784
-0.476501
1.578056
0.678245
-1.368245
0.616564
1.869217
-0.988245
-0.199535
1.059291
0.363225
-0.681723
0.907143
-1.088916
-1.218071
-1.746967
0.180346
-1.043413
0.986739
-0.992699
-0.095048
1.693982
0.350228
1.251392
0.530556
0.391331
0.463947
0.163912
0.260493
-1.083229
0.228545
1.112410
2.023880
-1.620747
-0.609034
-0.462757
0.283260
-1.117465
-0.508053
0.316521
0.552550
-0.183078
-0.313582
0.499424
0.343942
-0.339877
-0.179592
1.883773
-0.881917
0.852446
1.743804
-1.024281
0.282155
-0.877301
0.096322
-0.371640
1.944990
-2.151509
-0.828170
-1.348083
0.522682
0.179796
-1.122807
-0.343684
-1.473874
0.404531
0.187240
1.522601
0.556798
-0.507713
-0.888438
0.255974
-0.363509
2.166959
0.544688
1.261886
-0.837299
0.506349
1.842699
0.626643
0.070555
1.699021
-1.299825
1.719227
-2.679016
0.075677
0.395254
-0.626182
-1.156900
1.315612
-1.231162
0.888634
0.249450
-0.817573
-0.244620
0.868391
0.095627
-0.195405
0.667219
-0.854072
-0.109614
-0.019968
-0.655484
-0.981406
-0.745538
-1.119304
0.943300
-0.882742
-0.366746
2.325720
-0.141308
-0.786922
-1.232241
0.055981
0.055672
-0.083504
1.235142
1.339261
0.147426
-1.083159
1.080397
-0.444669
-1.809629
0.109538
1.531299
1.095459
-1.222591
1.483050
-0.034923
0.091312
1.215004
1.376079
1.374661
2.005318
-0.886288
-0.776707
-0.433306
-1.157326
1.108341
-0.929110
1.816311
-1.731027
-0.883018
-0.186338
-0.013914
-1.948926
-2.096109
0.668107
0.663633
0.444183
-0.371287
0.301651
1.278668
0.041195
0.253136
2.041077
1.282916
-0.386121
0.412482
0.981624
-0.229107
-0.887329
0.896109
-0.257822
-0.870925
-1.352323
-0.830516
-0.024851
0.851868
0.463066
-0.386451
-0.148209
0.830716
1.588588
0.652495
-1.716556
1.152753
1.885279
-2.042842
-1.132999
-0.940179
1.023364
-0.871291
-0.678285
-0.267184
-1.963560
0.963163
-1.428320
1.361558
-1.925409
1.549663
-0.955806
1.170105
-0.166966
0.710844
0.739135
1.462780
0.098069
0.483039
1.244422
-0.416811
1.463196
1.776936
-1.933857
-0.141842
0.478972
0.964295
0.823573
0.332025
0.501624
0.206018
0.972862
-0.562892
0.295890
-0.043491
-0.155698
0.244085
-0.124867
-0.034991
-0.412566
-0.635660
-0.845130
-1.228573
-0.417710
-0.708586
0.407967
2.445828
-0.236909
-0.619838
0.395171
-0.772701
-0.468821
0.369118
0.017331
-0.204991
2.303846
-0.348954
1.714230
1.656603
-1.973350
-1.063261
-0.593096
0.715036
2.093143
0.251715
-0.254400
-0.768480
1.092614
-0.585642
-0.059903
0.382822
0.114777
0.881747
-0.207430
0.905161
-0.180745
-1.965776
0.315906
0.079308
-0.497292
0.788574
0.292822
-1.968023
-0.456126
-1.059556
0.594546
0.958483
-1.173741
-1.099013
-1.132090
0.380026
0.160702
-0.850404
0.941932
-0.524655
0.276754
-1.867134
-1.250763
0.758816
1.064979
1.016509
0.513731
0.100972
0.740855
0.958406
0.407288
0.507828
0.131486
-0.975644
0.756089
-1.169862
0.144089
-0.612484
0.330185
1.474485
0.403386
-1.168354
1.469374
-0.200386
2.592834
2.086797
-0.852399
-0.049059
0.163002
0.444655
-0.059386
-0.361733
0.917385
0.729485
0.801402
-0.682163
-0.297868
-0.783221
-2.708719
-0.253696
1.097521
1.747882
-1.308642
1.631459
-1.070157
0.100789
-0.871574
0.934643
1.245220
-1.593568
0.723942
-0.446377
1.386909
-0.034333
0.178136
-0.277063
0.519332
-1.536183
-0.017223
-1.125885
1.315279
0.781778
-0.439555
0.865974
0.347967
-0.847375
-1.656068
-0.511320
-0.761945
0.260107
1.264533
1.032497
-1.085271
-0.196057
-1.977345
0.092889
-1.991169
0.945943
1.886834
-2.001553
0.531988
0.224541
0.217945
-1.135339
-0.529411
0.646600
-0.419655
-0.484961
1.175137
-1.488625
0.153324
0.915904
0.197182
-1.194217
-1.475671
-0.198530
-1.381260
0.998308
1.154003
-0.824925
0.249012
-0.724002
-1.026882
0.754333
1.905222
-1.547444
0.959112
1.527675
1.391687
0.578975
-0.765527
3.764700
1.241945
-2.355206
0.253992
2.136305
0.764223
-0.099332
-0.312706
-1.008336
-0.479770
0.399229
1.870591
-0.395955
1.380075
-0.152047
-0.214170
2.464152
0.310704
-0.194079
2.522560
-0.388279
1.524836
-0.499371
-0.431338
0.024034
0.137301
-0.273951
0.468416
-0.146019
-0.774937
0.489150
-0.494267
0.187182
-1.101129
-0.605138
-1.679465
0.951927
0.897846
0.961617
0.159924
-1.539289
-0.365308
0.805809
0.985553
-0.864542
2.888570
0.873450
-0.688943
1.846687
-0.860113
-1.583381
0.092826
0.584421
-2.479383
-0.619523
-0.252697
-0.655787
1.742955
0.770434
0.942156
0.522076
-0.055384
-1.029050
-0.000248
-1.664260
-0.394611
0.503267
-0.238088
0.837133
0.587555
-1.290636
-1.116256
0.085201
-0.478205
-0.152043
1.422652
1.004652
0.619778
-1.579692
0.813274
-0.543104
0.911199
1.253085
-1.333005
-0.567143
-0.754520
-0.669397
-0.462030
-1.019714
-1.169341
-0.295093
1.657483
-0.160673
-0.307484
-0.500418
-0.169684
-2.543328
0.432847
0.024340
0.637667
1.616749
3.408486
2.246786
-1.251430
-0.390743
0.593553
-0.388471
0.440834
-1.026021
-0.789040
-0.320869
0.532123
-0.037243
-0.692922
-0.625225
0.070582
0.278215
0.514711
0.835307
0.805052
0.540905
-0.242363
1.187686
-0.333704
-0.352479
1.341555
0.355631
0.913586
0.581924
-0.032047
-0.035520
1.188785
0.320428
1.300133
0.524878
0.384878
-1.040164
-1.472343
0.241197
0.299257
-0.763069
1.054747
1.704882
-0.366138
0.127845
-0.968840
-1.191474
0.488477
-0.475434
-1.184572
-0.046506
0.661117
0.161050
-1.174595
-0.307541
-1.556485
0.478511
-0.341776
-0.081650
-1.629094
-1.377212
-0.470574
0.680375
0.147451
-0.425980
-0.272391
0.432765
-1.417419
-0.498634
-0.230569
-0.275142
-0.005325
-0.483343
1.533331
-1.130399
-0.897337
-0.397489
-2.326826
3.368864
-0.517646
-1.034862
0.707054
0.386572
2.126494
0.544795
0.584444
1.009241
0.425529
0.078238
-1.493317
-0.753450
-0.750342
-0.443166
0.016580
0.155954
-1.482925
-1.687522
0.079904
1.295941
0.506718
-0.087935
1.297645
0.709705
1.194986
2.808815
-0.865302
-1.471811
-1.274170
1.343314
0.808660
0.366294
-0.325315
0.477107
-0.545866
0.677300
0.065860
-1.713650
-0.438174
0.028482
-2.001213
0.437961
0.859789
-0.428190
-0.092933
-0.114668
0.647867
-0.568245
-2.405450
0.815411
0.833992
-0.342100
-0.877715
-1.628648
-1.170966
0.199641
1.392197
1.279968
-0.094601
-0.292414
0.613497
-0.668764
-1.399602
-1.438233
1.138220
-0.135603
1.501205
0.735028
-0.204499
0.204977
-0.005703
0.181554
-1.468113
-0.801708
-1.715198
-0.044937
0.494593
-1.123925
0.268228
0.926946
-1.404784
0.100827
-0.009949
-1.587966
0.510357
0.336978
0.236237
0.679728
-0.720164
0.661430
-0.658256
0.067961
-0.693915
-1.139334
-0.402688
-2.083568
2.125691
-0.086178
-3.069504
0.322956
0.041332
0.556873
-1.384728
0.786925
0.346976
-0.161874
-2.277865
-0.039774
0.377349
-0.518528
-1.292964
-0.359443
-0.135285
-1.870659
0.197798
1.744585
-0.860185
-0.831845
-0.208518
-0.660808
-0.488570
1.015278
1.590564
-0.183055
0.912122
0.314726
0.305116
-0.473376
0.648451
-1.305481
-0.498739
0.698136
-0.480552
-0.668476
-0.143295
0.281644
0.302056
0.142714
-0.757589
-0.024140
1.128598
-2.022667
-0.053649
-0.023389
-0.987925
0.926977
0.042957
1.406763
-1.846864
-0.277551
0.463937
0.976018
-0.681813
1.386265
-0.853806
-0.795019
-0.359392
1.003757
-2.171159
0.463330
-0.527181
0.136253
0.800603
-0.337043
2.791854
2.026476
0.924913
1.405849
-1.591412
-0.868810
1.580669
0.756940
-0.954955
-0.346927
0.790935
-0.306838
-1.555479
-0.371790
0.643107
0.269573
0.100565
-0.210063
0.109261
0.988765
-1.704512
0.302771
-0.028627
-1.277956
-1.729225
0.611491
-0.870822
1.516353
1.192864
-0.899892
0.162571
0.494630
1.517161
-0.824696
-0.474425
-0.466425
0.129799
-0.373262
0.095635
0.923362
1.341440
1.146430
1.559753
-0.338859
-0.850044
0.766806
0.996814
2.090318
-0.404521
0.586330
0.012625
1.537579
-0.703060
-1.734919
-1.384898
-0.809774
-1.928813
1.506650
0.105575
1.521882
-1.289402
-0.016581
0.407560
2.358853
1.511666
1.349039
0.140661
0.587342
0.261049
-0.236327
-0.368420
0.533297
-1.780367
2.011270
1.433518
1.077627
0.333547
0.459603
-1.806940
0.861488
0.854618
-2.288133
1.000997
-0.370048
-1.403894
1.342189
0.771549
-0.476436
1.267634
-1.031023
-0.497840
1.124450
-0.870600
2.036839
1.389087
0.392372
0.124688
-0.881922
-0.934315
0.467844
0.657435
-0.610326
-1.537681
1.847533
-0.741394
-0.382577
0.799852
2.808108
-0.118597
0.385139
-0.965183
-0.908627
-2.464057
0.520207
0.794858
1.612738
0.122296
0.816671
1.117105
0.575265
-0.545379
-0.285272
-0.328954
0.155095
-0.469298
-0.078771
0.242496
1.503492
0.049258
0.565414
0.106094
-0.567146
0.933195
2.729761
-1.240727
0.718468
-0.275947
-0.341353
-0.680317
0.886949
0.523739
0.246589
-0.462697
2.230796
0.311253
0.488671
0.645958
0.697239
-0.374229
-0.155940
1.237356
0.335881
1.772587
0.410986
-0.605775
1.035710
-0.695354
1.399596
1.370443
-0.230826
0.220412
-0.918629
0.599392
0.728353
0.183060
2.264640
-0.608284
-0.648250
0.446037
0.836088
-0.137443
-0.825782
-1.142018
-0.529234
-1.385155
2.011541
-0.802851
1.108698
-0.601594
0.415796
-0.174787
-0.422595
0.822680
-0.246327
-1.719236
-2.175938
-1.988135
-1.400592
0.415631
0.228406
2.028686
-0.778239
-0.324475
0.544096
1.201839
1.221871
-0.796270
0.836591
0.375924
0.581642
1.049694
-0.532824
0.526130
-0.152702
2.567346
-0.787628
-0.731215
1.293245
-0.459957
2.216875
0.809074
1.686976
-0.574443
1.365457
-1.010619
0.703087
-0.391027
-0.587342
0.101303
0.807067
1.051398
0.154586
0.298856
0.482789
-0.181350
0.799197
1.556541
0.980431
-0.952579
-1.321184
-0.807995
0.095439
0.573360
0.932095
1.300824
-0.353048
-1.231244
0.537998
0.458275
0.864287
-1.978358
0.398518
-0.600800
-0.102624
-0.905308
-0.112457
0.789251
-0.324962
-0.285821
1.558516
0.495050
-1.041773
1.067237
1.556906
-0.876149
-0.608542
1.151525
0.587015
-0.899616
1.963786
-0.618327
-0.275016
-0.064016
1.217972
0.698740
0.779618
0.243143
-0.124951
0.360578
1.050262
0.274647
-1.207353
-0.889409
-0.956114
1.059429
0.638713
0.184677
-1.552304
1.261760
-1.878957
-1.904067
0.156542
0.393200
-0.562941
1.212831
0.466981
0.045798
1.700075
0.042202
0.678776
0.097531
0.031662
-0.792491
1.191302
-1.444541
-0.837855
-0.808487
-1.888127
-0.667894
0.307943
0.817968
1.025763
-0.200245
1.326186
-1.186684
-0.389095
-0.947358
1.316603
1.692876
-0.725245
-0.620474
-0.302639
0.629249
-0.230958
-0.887750
-0.291144
-1.245398
-0.749880
-0.661494
-0.647788
0.445551
-0.227653
1.327211
-1.353520
1.413192
1.695163
1.116489
-0.777638
-0.839312
0.120633
-0.141543
0.622877
0.568248
1.934326
1.213170
-0.661165
2.563762
0.737402
1.874372
0.751132
-0.979923
-1.188875
-0.412215
-0.331267
0.610496
0.418253
-1.079741
0.880996
0.140831
1.800796
-0.866743
-0.000760
1.925415
-0.789884
1.272074
0.842212
-0.484443
0.232877
1.018695
0.435099
0.227385
0.446716
-1.366537
0.475011
-0.213875
0.910862
-1.049501
-0.864795
1.712950
0.802131
0.282247
0.008161
-1.430396
-0.561228
2.556993
1.901211
0.083110
-0.878166
1.879723
0.134422
1.223373
0.883074
-2.545201
0.705095
-0.585727
-0.489552
-0.176463
1.423748
0.004856
0.432937
-0.175316
-0.050149
-0.873026
-0.591018
-0.604468
-0.348211
2.145457
-0.217932
-1.108503
-0.655280
0.615570
0.498459
-1.052574
0.018789
0.735554
0.031931
-0.392088
-1.954245
2.562125
-0.302213
-0.926821
0.613408
2.146870
-1.093694
1.047801
-0.250109
-0.014480
-1.358981
-0.574305
-0.242326
1.512521
1.737418
0.825142
1.069513
0.604774
0.264089
1.308677
0.053853
0.217407
0.388513
-2.281977
0.298788
-0.042081
0.975793
0.606284
-0.233053
1.716261
-0.861541
-1.300584
0.194962
0.154863
0.574533
-1.277209
0.516584
0.842334
0.001816
-1.825612
-0.591508
-0.270071
-1.213563
0.408932
-0.054795
-1.268350
-0.258899
-0.740349
0.474557
-0.803169
-1.101449
-0.137905
0.283437
0.041494
1.031054
1.677741
-0.652583
1.076656
-0.701284
-0.951719
-0.435992
-1.276618
-1.376612
0.936813
0.237297
0.300307
1.377061
0.191235
0.916882
-0.175073
0.511333
0.107586
-0.780598
-0.156402
1.153968
1.517425
1.362202
-2.057452
0.716256
-0.958896
1.264249
0.048970
1.473650
0.429464
-0.028723
-0.792665
-2.009672
-0.581750
0.325843
-0.229124
-0.104862
-0.705819
2.256439
-1.564926
0.508460
0.090254
0.109402
-0.649996
-1.274401
0.705315
-1.744856
-0.089448
-0.581925
0.365159
-0.925033
0.037867
0.777618
0.999291
-1.045459
1.030396
-0.660887
-0.125311
1.430006
0.944211
0.095033
1.624133
-0.955116
0.245636
1.197204
-0.226814
1.168989
0.973671
0.640562
-0.748655
-1.264464
-0.651119
0.111811
1.370917
1.369599
-0.839813
1.981189
0.927720
-0.155798
1.099382
-1.192337
-0.673704
-0.511532
-0.298977
-0.113224
0.634216
1.280388
-1.210447
0.238224
1.959166
0.872932
2.257942
-0.776939
1.086439
-0.609404
-2.101149
-0.149108
1.420464
0.651789
0.899251
0.689316
-0.548392
-0.203272
-0.409569
-0.316189
0.437003
-1.502589
0.369669
2.094643
-0.319087
1.330828
-0.387717
0.952069
0.712713
-0.091696
-1.784068
-1.291017
-0.671474
1.311395
0.157629
0.504085
1.350699
0.657133
-1.578899
-0.655103
0.637418
0.367017
0.600630
-0.076842
-0.561496
0.708635
1.178512
-0.519361
-2.287676
0.180660
-0.421887
-0.123954
-0.371025
-1.006774
0.142948
2.165783
-0.292922
0.272895
0.280830
2.317413
1.047592
0.781770
1.793800
-0.245441
-1.069029
-0.385414
-0.063469
0.731342
-0.479460
0.487561
-1.645810
0.940445
-2.323575
0.442446
-0.188864
-1.253602
-0.028191
1.226499
0.041004
-0.787296
0.054868
-0.360866
1.316411
0.061259
-0.869252
-0.762054
0.566140
0.766595
0.155578
0.928518
-0.261777
0.136524
0.294352
-0.379959
-0.803681
-0.589754
-0.368335
1.702402
-1.334011
-0.779123
-1.143397
-0.472337
-0.586548
0.859034
1.063342
-0.323142
-0.099031
0.323253
-0.541354
1.149431
1.060479
-1.266006
0.904790
0.595435
-0.280929
-0.122714
1.306708
-2.476543
0.469357
0.145661
-0.404922
-0.236858
0.435008
0.728388
0.360934
-0.528151
1.295349
0.537249
0.599491
1.276844
0.050263
1.151160
0.216972
-0.702563
-0.095104
-0.678000
-1.067877
0.589317
0.725630
-0.263587
-1.228575
-1.838565
0.285596
1.193104
-0.323326
0.518117
0.119405
-0.432901
-0.234448
0.680282
1.419309
-0.379756
2.119815
-0.338535
-0.388724
-0.914059
-0.223272
1.632395
-0.800705
1.532989
0.623357
-1.586917
0.717862
-1.772136
-1.574347
0.671976
-0.098516
1.293937
-1.213542
-0.857845
-0.767973
1.627112
-0.518990
-1.208500
-1.954974
-0.356395
-0.586890
1.343522
-2.297181
-0.860261
0.572942
1.144067
-0.135273
0.609269
-0.825000
-0.431168
-0.727743
-0.823026
-1.184453
0.919204
-1.232885
-0.793115
-1.732216
-1.175677
1.118672
0.289246
0.182171
-0.347623
-0.027741
0.831666
-1.259192
0.760006
1.352457
0.166752
-0.175175
1.093843
-0.532462
-0.750384
-1.714355
0.668824
0.896141
-0.245101
-0.219100
-3.439166
0.595685
-0.712905
1.673388
-0.887034
0.343658
0.353414
0.167188
-1.917384
0.984061
1.634306
0.352990
-1.302239
-2.391049
-0.027747
1.383141
0.915650
0.046534
-0.550550
0.455627
0.205353
-0.944385
-0.937186
-0.045734
0.412505
0.415962
0.122661
-0.238585
0.503094
-0.526836
-0.594614
-1.136422
-0.373404
0.252159
-0.861537
0.194074
-0.226210
0.617145
-0.568090
-0.478003
-1.187355
-0.377678
1.625698
-0.168685
0.873661
1.049980
-2.487019
-1.728562
-0.567434
0.408720
-1.347983
-0.188335
-1.176896
-1.202736
1.709940
-1.282186
-0.429801
0.980861
0.876576
-0.083188
0.787349
-0.331230
0.375763
1.214758
-1.268398
-1.836593
2.743898
1.365667
0.859693
-1.331326
0.958630
0.422841
3.004718
-0.038288
-1.205309
-0.373582
0.225260
0.363173
-0.231951
0.550218
0.165805
0.261283
1.908668
-0.623791
0.136410
0.691784
-0.021233
-1.667329
-0.417365
0.270762
-0.252640
-1.584061
0.042216
0.283301
-0.689400
1.288451
-0.027216
-0.661532
-0.063565
1.358068
-0.339790
0.191284
0.927526
0.116540
0.110521
1.229277
-0.742273
2.266144
-0.140654
-0.989254
-0.171186
-1.047104
-0.054174
-0.290623
-0.004704
-0.568845
-0.764579
0.068365
-0.077334
0.115033
0.078661
-1.130043
-0.802517
0.859957
-2.186136
0.688112
0.036225
-1.845714
-1.141503
-1.093153
1.977263
0.468492
0.821001
0.001266
0.836553
0.665033
0.589506
0.505014
0.694063
0.057466
0.720669
-0.307703
2.206692
2.096865
-0.407629
0.588409
-0.238196
0.517325
1.942136
-1.148694
0.693196
-1.049416
-0.540162
-0.780162
-0.600550
-0.561666
-1.040034
0.528727
-0.400848
0.212575
0.763784
0.021066
0.275971
-0.186933
-0.224790
0.618837
0.203156
0.234369
-0.318091
0.467398
-0.735358
-0.254406
-0.764020
1.819695
1.437255
0.402496
-0.310004
-1.713439
1.159694
1.496719
1.214770
1.232452
1.653861
1.032946
1.334513
-1.115069
0.468534
0.103961
1.332455
0.601770
-1.785475
-0.465717
0.300009
-0.248549
0.808448
-0.409503
1.349389
-1.128851
1.494752
2.111965
0.867301
-0.555125
-0.475593
-0.315454
-0.539776
0.927809
-0.978685
-0.598395
-0.247631
-0.613366
1.327961
-0.616345
-0.874872
-0.917286
0.973091
0.975497
1.383123
1.437003
1.666804
0.447055
0.308879
-0.753214
-1.538691
0.924095
0.057302
2.240355
-0.310110
-1.156130
1.253346
-0.435077
0.348705
-0.412881
-0.480296
0.294980
0.224539
-1.170578
-0.553926
0.198531
-0.324744
-0.807850
0.310432
-0.798335
-1.406033
1.134116
0.001381
-0.675099
0.467126
-0.153945
1.175752
-1.737426
-0.814656
0.367013
0.538988
-0.752013
1.027201
0.790274
0.074157
0.430550
-1.695367
-0.352398
0.634312
-1.154934
-1.104443
1.312206
-1.577916
0.855920
1.243316
-0.304602
-1.556400
2.262805
0.066845
-0.388777
-1.254960
1.014331
-0.138748
-0.481997
0.067732
-0.164432
-1.040014
1.203318
-1.070721
-0.535954
1.067915
0.047566
-0.332083
0.269878
2.375658
0.980853
0.809434
-0.119577
0.065108
-0.427116
0.780649
-0.014802
0.272350
-0.175827
2.822314
1.706106
-0.760450
-0.533393
0.058665
1.784368
-0.893496
0.831245
-0.174868
-0.152198
0.441082
0.979731
1.100803
-0.473928
-0.062623
-0.689894
1.728753
-0.393895
0.326577
1.042540
0.030291
-1.777768
-0.435985
-0.126448
-0.153323
-0.032300
-0.164533
0.615793
1.224592
-0.952030
-0.440151
-0.803771
-0.085337
0.788452
1.657589
-0.705913
-0.579088
-0.929209
-1.600210
0.734506
-0.525355
-0.061848
0.610309
0.199293
1.647318
0.284913
1.093261
0.839088
-0.253866
1.353082
0.425230
0.335489
0.127923
0.253602
1.711820
0.074144
0.268925
0.179071
0.494335
-1.095537
-1.391571
1.268298
-1.889332
-0.252009
1.457322
-0.343608
-1.486007
0.466764
1.237353
-0.192010
-1.350276
1.111470
1.191328
0.101290
-0.144022
0.220232
0.457181
-1.360232
-0.472405
0.448909
0.869770
0.863305
-1.121370
0.466583
1.599248
-0.920201
0.875013
1.220088
-0.363210
1.282457
0.441319
1.868694
-0.111603
-0.440234
2.143606
-2.024395
0.432796
1.157501
-0.691418
1.036886
-1.424228
-0.140638
0.116760
-0.115710
-0.458109
-1.206870
2.195736
-0.748320
-0.539410
1.181210
0.740264
-0.284353
0.737669
0.043853
-0.880319
1.237862
0.105577
0.021261
-1.516105
-1.827467
1.121197
-0.378029
-0.604849
0.561630
-0.028980
0.875501
-0.468224
-0.662394
0.684888
1.717814
0.303709
-0.151787
0.415505
-1.240135
-0.162031
-1.417250
0.667155
0.096661
-1.427980
0.514539
-1.804694
-0.148803
1.392095
1.825670
1.890907
0.806040
1.131788
-0.024281
-0.804289
0.373983
0.663677
-0.266960
-0.372501
-0.796434
-0.441308
3.095185
-0.581960
0.605342
1.109693
-0.435520
-0.096055
-0.586113
0.506687
-1.753874
1.212359
-2.106601
-0.030054
1.573476
1.265744
0.361086
0.402190
-1.896665
-0.529514
-2.447543
-0.406912
0.686015
-1.502104
0.445750
-0.016659
-1.103442
-1.457099
1.944169
-1.204148
-1.237666
0.125401
-1.572205
0.894539
-0.596259
-0.691251
-0.638693
1.066919
0.332629
-0.727028
1.221045
0.452973
-0.586822
1.217274
-0.404271
-0.746226
-0.910924
0.559282
0.824601
-0.618089
-0.227079
1.648036
-3.089359
0.071151
0.870883
-0.499242
-1.509180
-0.145080
0.338727
-1.242733
-0.311862
-0.606913
-0.861105
0.773669
-1.142140
-0.385495
2.316738
-0.195765
0.486358
-0.672680
1.788260
-0.111813
0.938446
-1.236188
0.616837
-0.993183
0.156351
-0.402386
-0.034278
-0.173429
0.972756
0.954397
-0.877815
0.555480
1.414161
0.678130
-1.561369
0.469420
-0.205331
0.755363
0.208411
1.095882
1.205083
0.407518
0.179441
0.243618
0.028502
-0.545169
0.336052
2.675232
0.420814
0.052290
-0.387993
-0.452028
-2.557899
0.609755
0.776464
-1.112018
0.594355
0.877378
-0.169559
0.314943
-1.645101
0.674843
2.259362
-0.148493
1.411479
-0.960156
-0.214252
0.362980
1.099391
-0.633702
-0.660106
-1.068421
-0.452918
0.924684
-0.136216
0.917611
-0.019398
0.672750
-0.010234
-1.303723
-0.532036
-1.787173
2.275507
0.097164
-0.661691
1.189171
1.839759
1.476828
0.905099
-0.562921
-0.979945
0.437325
-0.199351
0.002867
0.354198
0.553925
-1.388009
-1.278001
-0.799693
0.177666
1.017258
-1.397614
-0.350825
0.765028
1.591266
-1.603845
0.024405
-0.035583
-1.348519
0.435783
0.879654
1.843211
-0.219905
-0.089699
0.907317
-0.533932
-0.757831
-0.725761
0.943106
-0.017742
-0.360183
-0.490035
0.920384
1.929455
-0.615286
0.332316
0.488143
0.783391
-0.582000
1.280073
1.001786
-1.237318
0.639642
-0.121737
-0.574227
-1.161450
-1.639575
0.053394
-0.829711
0.664974
-0.016222
-0.242272
0.520993
-0.276127
-0.020330
0.406609
1.206612
-2.076710
0.065537
0.833999
1.660053
-0.253683
-0.876239
0.235463
1.475907
-1.079281
-1.778694
-0.384826
-0.001606
-2.496894
0.137350
0.904460
-0.951731
-0.473922
-0.377045
1.677301
-0.590405
-0.129006
1.660482
-1.037396
-0.095561
0.302139
-1.458794
1.400097
1.524829
0.044982
0.183765
-0.337048
0.799995
0.862679
0.554505
0.330857
-1.369841
-0.174746
-1.217444
0.386024
0.217162
-0.396936
-0.496209
2.232121
0.734030
-0.194763
0.497042
-0.347568
-0.136162
1.014045
-0.563748
1.182890
0.183481
-1.361008
1.221250
-1.143973
1.474141
1.070185
-0.727331
-1.842337
-0.120537
-1.434134
0.700558
-0.119720
1.190083
0.871214
-0.664707
-1.539811
0.020451
-0.292211
0.976797
0.750548
1.266399
0.832595
0.747350
0.814830
-0.373447
-0.924122
-0.059390
0.239467
-1.042028
0.129949
0.040783
-0.857312
1.269138
-0.492797
1.481573
0.458077
0.058335
-0.906469
-0.353317
-0.872035
-0.188434
-1.140999
-1.298799
0.318687
0.700852
-0.055591
1.429790
0.173130
0.295609
-1.571230
-0.670622
-0.240723
-0.622947
-1.813423
1.158472
1.008314
-0.696542
1.365603
1.693215
1.131805
1.216438
-0.433370
-0.968723
-1.153725
-0.988669
-0.584334
1.945612
0.690148
0.414081
1.045522
0.387467
1.702930
0.162262
0.430793
-1.100134
0.235277
0.183874
0.899017
1.036376
-0.740483
0.096156
-0.366023
0.117692
-0.677989
0.520591
-0.674126
1.131412
-0.178951
-0.152905
0.526630
0.093049
-0.105956
-0.629305
0.599182
-1.085697
-0.154216
1.017407
-0.498243
-0.299111
-0.602715
0.023386
0.628306
-0.416253
-0.735594
-0.542977
-1.238810
0.125957
-1.405247
-0.724549
1.717681
0.547825
1.318464
0.280726
-0.424242
-1.639085
-0.817701
-0.871021
0.261914
-1.523652
-1.134917
-0.193381
-1.053292
1.924340
-0.535294
0.519761
-0.982174
0.915390
-1.360197
-0.660991
-0.442436
-0.927407
-1.479704
-1.445277
-0.173977
-1.304987
-1.857470
0.115514
-0.249867
1.525951
-1.026773
3.039448
1.197573
0.592927
-0.543127
-0.306108
1.388869
0.949032
0.036922
1.306648
2.144391
1.456771
0.792619
0.745633
0.718574
1.727051
-0.537225
-0.107851
0.894324
0.125090
0.655432
0.819774
-0.449017
-0.283830
0.001441
-0.883127
1.225125
1.161722
-0.997030
-0.360575
0.493442
0.173648
-0.988344
-0.674448
1.039530
0.935115
0.515298
0.334386
-0.017497
-0.158517
-0.071144
-0.443732
-0.201763
-0.373990
-1.251964
0.060879
-0.235271
0.575481
0.474761
0.345052
0.344550
0.647792
-0.522350
0.676226
-0.445649
-0.648006
-1.166740
0.376684
-0.807353
-0.908570
-1.481518
0.746909
1.692553
1.378682
1.035047
1.853987
0.054854
1.607633
-0.588294
0.889246
0.024987
-0.384484
0.733892
-0.918032
0.457804
-0.835446
-1.745676
-0.042850
-1.667783
-1.080197
-1.774081
1.229114
-0.444206
0.689186
-0.884277
-1.093618
0.306575
-0.774351
-1.302050
1.592673
0.253483
0.104688
-0.299902
1.418283
2.046510
-0.306384
0.567045
0.238998
0.879509
0.221287
-0.469974
-0.813512
-1.048610
0.643698
1.288329
-0.186680
0.991701
-0.225739
-0.509112
-0.487277
0.387626
0.427911
0.937594
0.314627
0.014259
1.711006
-1.408384
-0.491078
-1.773793
0.235955
-0.384235
-0.314382
1.029564
0.552513
-2.013550
-0.075826
0.890747
-0.526614
0.104297
-1.550129
0.923284
0.045412
-2.450104
-0.926805
-0.902087
0.199471
-1.182088
-1.715709
0.147288
-0.636348
0.283581
1.068504
-0.577239
0.958626
1.427712
-1.009220
-0.990680
-1.048558
0.755947
1.324611
0.243314
1.510845
-0.251650
0.409740
0.307670
0.507015
0.689135
-0.648754
1.253948
-0.138048
0.954975
-1.134787
-0.610329
0.531447
-0.745456
0.469698
-0.670367
-0.247381
0.015393
0.634843
1.785229
0.745058
1.235916
0.148986
-3.440308
1.422639
-0.925916
-0.494999
2.242806
1.924874
-0.844429
0.346503
-1.154381
1.493960
-1.019838
-0.290369
-0.384101
-0.595831
-2.322219
0.002217
0.201367
0.878662
0.830532
0.696995
-0.643036
-0.429347
0.774788
-0.863997
0.796918
1.518125
0.721498
1.353320
-0.389898
0.111101
2.903181
0.993178
-0.116097
-0.151379
-0.216072
-1.263539
0.380765
-2.002497
1.023397
0.448607
1.570491
-0.823114
1.089064
1.369007
0.571931
-1.413212
-1.532829
0.393965
-0.311035
-0.521619
-0.192130
0.615378
-0.645054
-1.034474
1.175008
1.466893
-0.912083
-0.992995
-0.959381
0.005388
2.692126
-0.868383
1.337964
2.262705
0.601971
-0.349540
-0.977442
0.653554
0.026031
0.651778
0.102091
-1.263672
-0.098678
0.326481
0.328524
0.958127
1.162026
-0.949110
-0.635223
-0.174717
-0.262204
0.571916
-1.291509
0.182070
0.325579
-0.176395
0.337271
0.087072
-1.492266
1.631231
-0.284403
1.126061
-0.076196
0.545896
-2.273886
0.534448
1.121330
-0.328583
0.089418
-0.695713
1.072980
-0.304282
-1.210373
-0.944654
-1.121635
-0.066922
-2.286118
-1.885304
0.200610
0.992108
-0.168450
-0.410010
-0.019132
-0.686394
0.028633
-1.683185
1.480268
-1.630186
0.603906
1.347856
-0.356975
1.030851
-0.751715
-0.145545
0.287280
-0.240105
0.356100
-0.675892
1.067068
-0.350141
-1.591034
0.721474
1.470987
-2.564368
1.143779
-0.820250
-1.973296
0.107385
-1.322697
0.244570
-1.089090
-0.002403
1.683297
-1.771925
0.821131
-0.315671
1.172170
-0.186660
0.201021
-0.714242
0.616961
0.895947
0.345017
-0.890816
-0.121546
-0.408737
-0.672925
-0.417511
0.323544
0.457121
0.878780
0.683990
0.499956
-2.152995
1.356817
2.273503
1.712203
0.353096
0.027094
-0.039849
-2.745876
0.020484
-1.492695
0.226206
1.654728
0.411670
-0.752835
0.478610
1.816022
-0.935921
1.820156
-0.573839
0.202538
-0.259153
-0.572328
-0.640981
-1.197528
-0.325420
0.224538
0.685663
-1.463669
0.664393
-1.043204
-1.063642
-0.566093
-0.164120
-1.178881
1.536882
0.150285
-1.235127
-0.347904
-0.383596
3.399715
-1.139485
1.707160
1.833506
0.392861
-0.833621
-1.817634
-0.333214
1.417468
0.723765
-1.608241
-0.548164
-2.059839
1.258524
-1.318812
-0.212524
-1.674411
-1.870432
1.610152
0.290967
0.606569
0.032277
1.871577
-0.206377
-0.179110
0.527699
0.626147
-0.380178
-1.768962
1.493114
1.273501
0.175963
0.097721
-0.718680
-1.167267
0.219752
0.306868
-0.241224
0.429113
-2.447256
0.099775
-0.259685
0.361453
-0.119478
-0.322020
-0.893229
0.609177
0.866799
0.060343
-0.064567
-0.557902
1.116290
2.563570
0.720907
0.341416
0.217259
-1.834000
-0.804221
-0.397266
0.964811
0.549227
1.786706
-0.013148
-0.741687
0.966604
0.348556
2.248109
-1.426596
-0.326302
-0.771500
-0.079504
-0.269956
0.439724
0.966598
-0.476504
0.398406
0.267199
0.074556
0.900895
-0.170777
-2.028581
0.704701
0.446505
-1.099956
0.471236
-0.426712
0.011734
1.322949
-0.772190
-0.653977
-0.149792
0.802636
-0.631442
-0.534937
0.407138
1.439913
-0.816781
-1.249157
-0.443230
0.801646
1.570414
1.276245
-0.653544
-0.694595
-0.572563
-0.064614
1.288217
1.435002
0.181915
0.049726
1.352419
0.595594
-0.246562
-2.197173
1.377393
0.119029
0.707322
1.369912
0.463388
-0.646798
1.094024
0.457294
-1.187548
-0.601968
-0.459035
-2.046262
-1.174060
-0.510954
-1.174876
-0.429713
-2.297602
1.953050
0.588834
1.453684
-1.386872
1.399905
-0.307264
-0.593842
0.315905
0.842693
1.287679
-0.160389
-0.149408
0.455000
-0.299109
0.134171
1.470150
1.040932
0.465305
0.829328
1.257895
-0.382418
0.115875
-0.282181
-0.644867
-0.227164
-0.459443
0.910824
0.350619
1.089269
0.438739
-0.816468
1.398053
-0.170759
-0.145547
-0.111496
1.697147
0.018004
-0.527414
-1.147078
-0.911506
-0.072278
-0.934190
-0.204527
0.482319
-0.406414
-1.460695
-0.691818
0.630072
0.891027
1.947436
-0.328169
0.866468
-0.430338
0.394364
-0.461605
0.640143
1.597189
0.207807
0.444284
-0.361341
-0.493197
-2.008799
0.377754
1.188124
0.627440
-0.971493
-0.313112
0.265110
-1.741290
-0.528147
0.491063
-0.022966
-0.526574
0.249433
-0.609539
-0.246605
1.419063
-0.034079
0.082216
0.161027
1.168806
-1.373652
-0.031693
-0.305187
2.454967
0.252051
0.795574
-1.929833
0.237699
1.425502
0.387856
0.207033
-2.211380
-1.414157
-0.431565
0.674861
-0.296544
0.766045
0.677828
-0.037245
1.245682
-0.262005
-0.394380
0.200364
-1.629605
-0.798651
0.795921
-0.026958
-0.077373
0.333536
1.429410
0.392599
1.185233
0.238436
-0.023078
0.420527
-0.683388
0.138121
1.552923
-0.976535
-1.104745
0.719859
1.552289
-0.708214
1.126642
0.732382
1.885900
-0.046996
0.937809
0.112694
0.017492
0.640164
0.466996
-1.686660
-0.677400
0.177706
0.447992
1.400759
0.652406
1.876284
-0.734858
2.678830
0.422739
-0.483291
-1.592396
-0.478778
-1.078257
0.503758
0.781889
-0.191749
-0.916131
0.545197
-1.210945
-0.196064
-0.482327
-0.273083
0.318675
0.388345
0.602458
-0.001882
-1.140640
-1.923974
-0.017854
-1.502246
-0.426444
-1.567073
0.865305
0.756855
0.083257
-0.058158
0.517039
0.552545
0.842692
-0.448123
0.838253
0.890284
1.972803
-0.441733
0.081939
0.137927
0.820638
-2.382240
-0.692961
-0.535375
1.825506
-1.401540
-1.887674
0.597826
0.110667
0.360616
1.925999
-0.549175
-0.809677
0.406537
0.726630
0.796349
-1.063955
-0.916935
0.377512
-0.053176
0.018283
1.609984
-1.156033
0.845720
2.711421
-0.313919
0.185000
0.922061
-1.631733
-0.406278
1.963830
0.046656
0.018506
-0.448208
-0.172885
-0.944309
0.791823
0.339206
-0.627037
0.397672
-0.555382
-1.027756
0.252655
-0.060240
3.212115
0.318382
-0.068481
-0.378668
0.581927
-0.620767
0.577145
-0.559826
0.176022
1.115040
-0.374160
1.157816
0.264781
0.974280
1.214239
-0.419237
0.550468
0.670707
-0.764121
-1.450491
0.278515
0.877515
0.794995
0.332092
0.334076
0.742012
-0.257835
-0.306471
-0.008361
0.002916
0.810080
-0.678844
1.259997
2.457441
1.230330
0.286187
0.411415
0.914564
-1.468879
-1.104303
-0.477298
-0.723602
0.827498
0.300371
-1.129617
-0.458499
1.683713
0.435270
-1.039891
-0.092289
-0.549147
1.125448
0.170651
0.536516
-1.849842
-0.294500
0.889234
0.196903
0.582684
2.256505
-0.028742
0.511251
0.264071
-1.360664
-0.077168
-1.707092
0.872996
0.272981
-1.839558
2.070630
2.230065
0.022430
0.218088
-0.054099
-0.843228
-0.586495
-1.112400
-0.341616
0.924113
-1.018521
-1.095156
0.417759
0.015454
-3.080271
2.514329
1.162543
1.237193
-0.640746
-0.494665
0.880861
0.727034
-0.375943
-0.713540
-1.829413
-1.201236
0.459675
0.800865
-2.024156
0.180007
-0.123671
-0.871549
-0.859080
-0.570506
-1.436625
0.491956
-0.987545
0.394086
-0.601175
0.291953
1.441824
0.310839
-0.158510
0.014430
-0.668726
1.646895
0.126416
-0.558726
-1.148106
-0.342290
-0.904458
-0.220528
-0.392311
1.586764
1.067662
1.135525
-1.390462
-0.469481
0.310179
-0.386774
-1.942926
-0.869739
0.498978
1.098456
-1.185664
-1.282730
-0.602224
-1.247082
0.031302
0.039939
1.995731
-0.792258
-0.444247
1.412252
0.660897
1.002794
-1.007828
-0.483180
-0.633653
2.620658
0.451482
-0.470643
-0.044561
-0.405541
-1.302325
0.307878
0.273242
0.039033
-0.087155
0.139035
0.602633
0.785413
0.291704
-0.268780
-0.617366
0.514040
-0.248816
2.260700
-1.409996
-0.808638
0.687356
-1.789227
0.527613
0.444892
-0.028920
-0.432634
-1.498976
0.696700
-0.437022
0.621120
0.101807
0.969830
-0.470146
0.475396
-1.116294
-0.706097
-0.218264
1.423134
-1.053216
1.373085
1.303338
-1.115203
1.087450
-0.519575
-2.314206
0.556334
-0.429577
0.765641
0.043842
0.910151
0.404202
1.934047
2.011959
0.296736
-0.460944
-0.712558
-0.244136
-0.975710
-1.377548
0.230167
-1.479235
0.563839
-1.346048
1.014650
-0.317808
-0.243543
1.021991
-0.272340
-0.395442
0.139473
0.938376
-1.454799
-0.142160
1.002570
-0.210961
0.456667
1.322406
0.847540
0.890739
-1.041016
-1.105703
0.139493
1.141592
1.242818
-1.100289
-0.457005
-1.938265
-0.304879
-0.069123
-1.051108
-0.300968
-0.602842
-0.049080
-0.020663
0.185958
-1.587395
-0.484310
0.836810
-0.878582
1.373828
-1.221420
-1.020759
-1.090830
1.698956
-0.724713
0.366955
0.702244
0.313045
-0.137756
-0.103961
0.030981
-0.102540
-0.029209
-0.122403
-1.037518
-0.203795
0.748994
0.876979
-1.783098
0.799526
-1.125119
0.905033
-0.958034
-0.139867
0.772773
1.651429
-1.633033
0.757773
0.515492
0.906456
1.020711
-0.210664
0.915478
-1.127815
-0.733765
-0.421280
1.239424
-0.594115
-1.257719
2.139189
0.868359
-0.955702
0.371309
0.954144
1.508081
-0.342330
0.366401
0.511957
1.745355
1.087878
0.760036
0.526141
-0.300073
-0.180119
1.559768
0.343017
-0.271040
1.333277
0.456043
0.211291
0.314060
1.204643
0.785575
0.832070
-0.150930
0.269594
0.795658
0.597136
0.063188
-1.546034
-0.801615
0.160849
0.570520
1.052874
-0.226107
-0.249103
0.666557
-0.998964
2.099296
1.754102
-1.147797
-0.220487
-0.136315
-0.994555
-0.070415
0.061761
0.268602
-0.545842
0.118964
0.514337
-0.536602
-1.620473
0.011941
-0.511129
0.096776
-1.072336
1.170256
0.870158
0.712369
-1.810227
0.358902
-1.029101
0.459541
-1.055547
-0.564891
0.636326
0.624617
1.082348
0.093533
0.226177
-0.700170
0.792072
0.442968
0.143381
0.458016
-0.192726
0.585602
-2.008622
-0.052458
0.109024
0.226556
-1.855041
1.424778
-0.497774
-0.335960
0.194361
0.613968
-1.510113
0.106753
-0.843892
0.268706
-0.347145
-0.216953
0.788850
-0.494456
-1.168267
0.725320
-0.194792
-0.828378
-0.226320
-0.663460
-1.363992
0.879160
-1.180547
-1.044899
-0.781470
0.484607
1.147863
1.028019
-0.470550
0.827721
-0.493201
-0.149238
1.927433
-0.889026
1.311726
1.182520
0.108827
2.089109
0.080663
1.120661
0.491135
1.113328
-2.662624
0.029588
0.648922
-1.784174
-0.433985
-0.039240
0.432030
-1.314475
0.560227
-1.641524
0.288031
-1.233603
0.573570
-1.058682
0.163974
2.431878
0.548205
0.113865
0.060547
0.004111
-1.307637
0.650475
-0.796786
1.792697
0.336007
-1.713030
0.136429
0.768748
-0.713457
-0.958055
0.343233
0.362401
0.334634
0.694731
0.756034
-0.002738
-0.781927
0.737064
-1.616132
-1.973209
0.102310
-0.310599
1.419850
0.153310
-0.266415
-0.897208
0.468189
0.136843
0.156973
0.457736
-0.381409
0.385493
1.212149
0.916919
0.863344
-0.469414
0.906244
-0.069005
0.846515
2.970531
0.483275
-2.859389
-0.205008
-0.985198
-1.769985
0.853324
-0.151136
0.639417
-0.960386
-0.399094
-1.693784
0.531872
-1.606006
0.988321
1.186842
-1.298366
-0.232584
0.053629
-1.718611
0.340524
1.166115
-1.043620
1.186583
-1.156682
-1.845276
-0.093761
0.972722
-0.943304
0.404688
-1.203759
0.099984
1.804671
-0.101100
-1.510292
-0.347099
1.110914
0.449322
-0.676356
1.376440
-0.610304
-0.851439
0.121159
1.535044
-0.219686
0.085100
-1.502551
-1.393103
0.981762
-0.544871
-1.756452
0.737459
2.028360
0.481354
1.364645
1.266044
-0.040722
1.681652
-1.182821
-0.162752
-0.642810
-0.150955
1.249917
-0.205737
-0.698960
0.419804
0.495187
0.536019
-1.478059
-0.973684
1.661993
1.553836
0.447057
1.431171
-0.165015
-0.043718
0.614508
0.344387
0.124816
1.566222
0.125097
-0.556697
-1.049987
-0.334575
-0.902805
0.441083
-1.084362
0.962908
1.155227
0.949776
0.540031
-0.410793
0.215342
-0.161145
0.383095
0.639163
-0.585400
0.843958
0.118203
0.048905
0.432876
-0.374619
-0.627618
-0.205908
-0.988543
0.463238
1.975641
-0.021143
-1.556961
-0.417358
-0.403797
1.297688
-0.774237
-1.135378
1.141617
0.138071
-0.777367
-0.977646
-1.224465
0.986138
0.092270
-0.238162
0.379922
0.587242
-0.866984
1.450940
0.244766
0.896145
1.432913
1.197488
0.175944
0.112591
0.087943
-1.614264
-0.583276
-0.342291
-0.469458
0.327696
-0.418751
0.194047
1.058537
1.622844
-0.135320
0.177774
1.030239
1.693487
0.588390
-0.430491
-1.163210
-0.842805
1.505473
-0.292713
1.155472
-0.382442
0.015316
0.049971
1.006858
-0.020867
1.340496
1.623320
-0.116600
-1.893152
-1.593528
-2.067806
0.878350
-1.395070
-1.160704
0.371368
0.063259
0.205843
0.098129
1.479751
1.226471
-0.579085
-0.192384
2.036551
-0.240747
-0.620965
-1.137229
0.762171
0.226678
1.455929
-0.516054
1.960412
-1.361486
2.254591
0.476074
-1.689868
-0.389488
1.399339
0.282331
0.678852
-0.894089
1.187039
0.218045
-0.632992
2.224621
-0.690933
-0.012999
1.194156
0.139720
-0.853365
0.638316
0.669921
-0.532878
-0.585336
-0.782612
-0.973658
-0.004674
-0.967352
0.464202
0.359913
0.452289
0.705529
-0.075847
0.995279
-2.375969
0.023838
-0.320396
-1.115330
0.386178
0.151035
0.403291
0.059808
-0.520150
-2.117883
0.459468
-1.963720
1.466713
-0.531408
0.334886
1.644137
0.382903
0.330040
0.843411
-0.833034
-0.097389
0.260720
-1.403861
0.743115
1.399514
-0.754782
-0.257253
-0.586849
-0.312151
-0.129461
1.320774
-0.506267
0.629190
-1.853611
-1.998388
0.684240
0.147428
-0.270741
0.699191
1.144047
0.144153
0.165449
-0.594245
0.302068
-1.242017
1.191553
-1.200002
-0.122387
-0.767588
-1.277734
-0.057984
0.930739
1.667894
-0.661223
0.181786
-0.109411
-1.314614
-0.010557
0.138166
0.416751
0.382758
2.094509
1.107283
-1.575698
0.041670
-0.901096
1.772284
-2.293666
0.874415
-0.698672
0.892226
0.127852
-0.720248
-0.131655
2.923691
-0.796660
0.596807
2.538632
-1.336838
-1.250049
-0.165523
0.029549
0.143785
0.297433
0.926793
-1.138499
0.339882
0.381345
0.749961
-0.610744
0.668929
-0.346881
1.202993
-0.310480
-0.477986
-1.285932
-0.205493
-1.010614
-0.829080
-1.216028
1.429973
-2.381753
0.750557
-1.879110
-0.981739
-1.059470
1.174146
-0.895154
1.499641
-0.641434
0.727310
1.537917
1.542967
1.068958
0.588429
-0.364974
-0.882988
-1.088214
-0.808908
-1.199209
0.717423
1.252886
-0.248807
-0.205537
1.060777
0.395991
2.004554
-0.793424
1.585337
1.029705
1.308007
0.341363
-1.609144
0.174513
-0.084999
0.546493
-0.018027
-1.846375
-0.247131
0.566990
1.187238
2.225019
0.531249
-0.479615
-0.478971
1.285844
-1.086413
-1.526839
-0.433004
0.242570
1.505368
0.055640
0.698006
-1.676424
-1.999987
0.299806
-0.277974
-0.771333
-0.227944
-0.527641
0.285810
-0.948105
-0.549046
-1.949556
-1.031771
1.296113
-0.915638
0.463580
0.834484
-1.039644
1.064760
0.762178
1.660323
0.475955
-0.654216
0.207322
-2.198351
-0.316444
1.248527
1.236716
0.167058
1.465212
-0.479893
-0.497626
0.535428
1.691038
0.540146
-1.111518
2.667440
0.438645
0.001546
0.208742
1.103566
0.217711
-0.483201
0.904333
-1.793788
-0.013129
-1.836200
1.750605
-1.757476
0.393743
-0.852168
-0.182604
0.288265
0.899335
0.197906
0.668044
1.069631
0.367924
-1.490284
1.311859
-1.631399
-1.146445
0.444546
-0.629907
0.666502
-0.168155
-0.610092
-0.120302
-0.545912
1.116435
1.142417
1.299791
-1.576434
0.076749
1.032804
2.014028
1.308847
-0.790424
-0.185329
1.732874
-1.676152
-1.383732
-3.067562
0.310995
-1.447009
0.044022
0.483936
0.083307
0.362671
0.601141
-1.199143
-0.167030
0.008645
-0.254999
-0.019926
1.010576
0.326846
-1.117542
-0.317162
1.917822
-1.148561
-1.478502
-0.239923
-0.874450
0.166125
-0.335827
0.768016
-1.498294
-1.347612
-0.431184
-0.320759
1.429753
-0.683237
-0.350165
-1.821833
1.852110
0.533760
0.565396
0.328586
-0.228978
0.043526
-0.680933
-0.577207
0.008382
-0.558653
-1.905826
-0.627133
0.724484
0.409959
0.569053
0.859184
-0.003737
2.359715
1.231696
1.203602
-1.579176
-3.015491
0.892313
0.745558
0.615330
1.002599
-0.648439
1.513106
-0.381554
0.272141
0.973287
-0.271207
-0.539616
0.497879
-0.815467
0.757455
-0.230038
-0.238424
-1.837909
0.823894
0.684361
-1.154852
-1.195182
-0.760919
1.107734
-0.831744
-0.642352
1.171899
0.352767
-0.083345
0.994611
-1.491689
0.556536
-0.345854
1.732493
-0.140544
1.215378
-0.699968
1.304995
0.612707
-0.553008
0.546365
0.349897
0.611394
-0.567241
0.563424
-0.195655
-0.278088
-0.953113
-0.890722
-0.531452
1.436614
-0.874322
0.380967
-0.716080
-1.931043
-0.423454
0.219915
-0.075508
-0.026111
-1.146682
0.147864
-0.830146
-0.512366
-0.008456
-0.254981
0.184218
-0.315016
-0.955906
-1.748362
-0.286753
-0.948411
1.181089
0.305494
0.580554
0.496994
-1.315718
-0.550029
-0.111738
-0.591959
0.327517
0.990521
1.703196
-0.221251
2.033748
1.132416
0.915198
1.997212
-1.529697
-0.013109
0.708997
0.178233
0.254396
1.666481
0.249412
-0.443943
0.437336
-0.820851
-0.655164
-0.988702
1.623721
0.564674
-1.901007
0.044586
0.045496
-1.509892
0.082566
-0.435787
0.787111
-0.915812
-1.075281
-1.483526
