GAUSSIAN DISTRIBUTION
MEAN: 0 | STD DEV:1
1.541175
0.543744
1.348164
0.581242
-1.206507
0.946591
-0.567761
-0.992039
-0.303566
0.387567
1.676493
-0.371990
1.150379
0.503292
-0.830356
1.069626
-0.359961
0.320911
0.345642
1.585458
0.324969
0.845706
-0.052587
1.305310
0.255429
-1.156283
0.817187
0.081388
0.217236
0.290403
-0.628958
-0.164345
0.559882
-0.130598
-0.000989
-0.016081
0.371627
-0.424259
0.211016
-0.561609
0.221503
0.386265
0.964642
-0.959200
-0.994641
0.850563
0.614774
-0.455869
0.760481
-0.253818
0.312531
0.489228
-0.044817
-0.265382
-0.208526
0.272570
-0.087506
0.404777
0.733210
-0.522344
0.782478
0.135959
-2.267146
1.683871
-0.568180
1.051882
1.832050
-1.359885
-0.092929
-0.775527
-1.995037
0.105228
-0.061369
0.591829
0.898298
-1.784413
0.370118
0.416915
0.562556
1.503542
2.481108
0.438870
-1.677867
0.124772
-1.731569
-1.021933
1.867264
0.318680
0.918520
0.198129
-0.410398
1.450261
0.302827
-1.145164
0.388007
-0.845265
-0.947176
-0.094822
0.003059
0.051329
-0.337651
0.016458
-1.930190
0.928904
-1.132443
1.515523
-0.513890
-1.068952
-0.001487
0.530786
-0.450454
1.887864
1.696136
0.706869
0.881183
1.258910
-0.507127
0.472494
0.933134
0.980373
-0.027020
0.857785
0.394840
-0.692972
-0.407741
-0.224783
0.979414
-0.943304
0.582706
0.697784
-0.801553
-0.854563
2.757108
-2.542406
-2.184358
-0.543040
-0.746579
1.376690
0.136342
-0.864569
-1.786705
2.295793
1.753990
0.111537
-2.578715
0.132241
-0.665433
1.971704
-1.003591
-0.535329
2.471391
0.588399
-0.007446
0.411014
-0.815803
0.017618
0.828650
0.141251
0.023527
-1.497212
-0.400432
-0.370001
-1.007494
-0.253234
0.032595
-0.252086
-0.254463
1.739721
-0.522376
0.579770
-1.265202
0.194296
2.541463
-0.377726
-1.310639
-1.178490
0.423083
-2.485441
-0.272984
-0.097807
0.713952
0.811814
0.235969
0.462216
-0.371528
-0.998518
1.698526
0.324625
-1.005778
-1.476786
-0.632950
-0.746300
0.661085
-0.096363
-1.466966
-0.001294
-0.671329
1.700483
1.400825
1.554176
-0.613599
-1.081315
-0.310637
0.570694
-0.309997
-0.187871
-0.121408
-1.503569
-0.176856
1.076653
-0.498939
0.709135
-1.371134
-1.324940
1.060308
0.206283
0.088168
-0.706809
2.165165
-0.635280
-0.934798
1.277566
0.328763
-0.289527
0.249329
-0.001404
-0.158109
0.941633
-1.172320
1.520870
0.115262
-0.840718
-0.914525
-1.300912
1.061478
-1.261382
-0.967135
-1.654145
1.216982
-0.553270
-0.082694
-0.588978
-0.400521
-1.132886
0.624954
-0.296774
2.039072
0.310785
-1.320641
0.555939
-1.789599
-0.504972
1.042837
1.613877
1.189486
0.223657
-1.113227
0.755158
-0.857720
-0.636960
0.477305
-1.043497
-0.941804
-0.866162
-0.771880
-1.376363
1.044329
0.167487
-0.625780
-1.146021
-1.159342
-1.205347
-1.163125
0.887024
0.146463
-0.396521
0.414824
-0.756357
0.079457
-0.683344
0.360004
0.810433
-0.120773
1.599322
0.795529
0.158620
2.219310
-0.026550
-0.721726
-0.373521
-0.335458
0.700242
0.869275
-0.555281
-0.513921
0.013473
-1.906143
1.288862
0.862323
-0.599978
-0.491236
0.392035
-0.063730
-0.593197
-0.731465
1.860779
1.131957
-0.544357
-0.198533
0.893579
-2.506402
0.786742
0.059669
-0.493475
-1.118904
-0.556365
-2.075915
0.095412
-0.215453
-0.080225
-0.183989
0.286511
-0.854520
0.098667
-0.108104
1.043429
-0.192841
1.492356
0.305512
-0.289031
0.116067
-1.071137
-1.469548
0.197988
0.646752
-1.029439
-1.083598
-1.089127
0.359795
0.796224
-1.415927
-0.988101
1.703823
-0.360200
1.697258
-0.268648
0.683847
0.293779
0.695970
0.643417
0.187003
0.033508
0.273991
0.262139
-0.004419
-0.726049
1.293268
-0.047013
0.231245
0.386536
1.811107
0.672849
1.808148
-0.885665
-0.879671
-0.308185
0.486887
-0.114908
0.217813
0.199656
1.352939
1.202859
0.184080
0.143466
-0.117161
1.308035
0.242205
-0.825256
-0.009104
0.091500
-0.865005
1.390839
-1.460727
0.666773
0.070421
-0.732182
2.001261
1.214331
0.524693
0.975774
-0.771643
-0.315301
0.688370
0.837926
0.948897
2.029537
0.346706
0.032033
-0.844473
-0.816055
0.170926
1.228279
-0.259067
0.489776
-0.510876
-0.800348
1.338247
-0.248555
-1.031862
1.103738
-1.487743
-0.461062
-1.022812
-0.164774
0.721681
-1.465394
-0.363466
0.208053
-0.898819
-0.002630
0.020868
0.984886
0.859360
-0.549460
-1.869005
-0.758328
-0.563705
0.044582
1.455814
0.472211
-0.315813
-0.284390
-0.211314
-2.184101
-0.310560
-2.001325
-0.612318
-0.055015
-2.362675
0.561156
2.020324
-1.418775
-0.816195
0.350873
0.922980
-0.357755
-0.452183
0.204235
0.689373
-0.978178
-0.262667
-0.230795
-1.642309
1.773728
1.943509
0.157288
1.021971
-0.288738
0.073674
-0.640798
-0.993421
0.550053
0.983757
0.277212
1.541315
-2.122395
0.171817
-1.475986
0.126638
0.249889
0.148154
-0.051538
0.540166
-0.356532
-1.436185
-0.401454
1.179486
-0.129023
-0.141712
-1.251664
0.058079
-1.784959
0.603970
-0.981562
-0.649679
0.487494
-0.558985
0.349833
2.310808
-0.077659
-1.081550
-0.087551
1.258230
0.560328
-0.572411
-0.409342
-0.405634
0.389294
0.193260
-0.294869
0.176524
0.569582
-0.985922
0.165464
1.308991
0.459963
0.824041
0.707434
-0.880769
-0.191447
1.121939
-2.621530
1.195624
0.659107
-0.113786
-0.494037
0.329196
1.622582
-1.840617
-0.802052
0.169561
-0.611582
-1.847610
1.240833
-1.876525
1.125115
-1.433646
0.891350
-1.733751
0.625857
-0.206710
2.399621
0.170601
0.657338
-0.125458
1.540033
-1.287397
-0.039559
0.662624
-0.008566
-0.505835
0.981114
0.859037
1.446566
-1.376969
1.952526
0.346075
0.422185
0.709687
-1.127648
-0.319367
-0.119917
-1.634738
-1.139266
-0.135048
0.774739
-0.857366
-0.964456
0.466225
-0.447854
-0.041707
0.105773
0.571328
-0.713217
-0.391018
0.959758
0.613415
-0.010428
-0.373360
-0.647828
0.962910
-0.661214
-0.056593
-0.004743
2.101916
0.546003
-0.411411
1.518771
1.795190
-0.843988
-0.558414
0.385394
-0.211489
0.154475
-0.615730
0.483234
0.610918
0.083702
1.468483
1.124892
0.669217
-1.255376
-1.297582
-0.096205
0.367009
0.776538
1.988760
1.212615
-0.011276
-1.508250
0.993007
-0.287976
0.634583
0.360700
0.053372
-0.402749
-0.650067
-0.355118
1.831935
0.908331
1.769205
1.699437
0.551107
-1.666368
1.134204
-0.387107
0.587991
-0.012825
0.371013
-0.255374
0.559546
-0.304989
0.796051
0.416541
0.892151
1.741724
0.004870
0.233552
0.260788
1.043314
0.762016
1.424140
-0.627232
-0.200797
0.127323
-0.786375
-0.382400
-1.589175
-0.425932
-1.395706
0.116231
-0.056071
-0.234489
0.938439
1.105217
0.190880
-0.632843
0.966133
-1.246607
-0.551927
0.351228
-0.422570
0.350988
-0.703287
0.128381
0.193295
2.231127
-1.520230
-0.196520
-0.686699
1.526275
-1.282366
1.592007
-2.011703
-0.335184
1.414098
0.275796
-0.039259
-0.036218
-2.092327
-0.373491
-0.585770
0.624771
0.775351
0.352885
1.021796
-0.707054
-1.469321
0.796985
0.070496
0.175960
-0.129615
0.095647
-0.036983
1.252239
-0.622946
-0.549481
-0.477573
0.187811
-0.935584
1.544167
-0.233969
1.104147
-1.529017
0.559561
-1.293934
-1.753278
-1.941066
-0.249952
-0.486471
-0.654508
-1.675075
1.734400
-0.267886
-0.079145
-0.676498
1.150728
0.637827
1.073098
-0.843234
0.407433
-0.114470
0.963464
0.372403
1.179958
-0.472030
0.054492
1.821600
-0.740943
-1.224690
0.633250
0.114971
-0.482745
-0.832338
-0.917962
0.135608
-1.761590
-1.538466
-2.242822
0.446915
-1.573599
-0.557353
0.420463
1.425119
-0.965576
-0.104548
0.511340
0.347759
0.723635
-0.047570
1.322119
-0.055288
-1.116881
-0.970701
1.103359
1.101109
0.124879
-0.642655
-0.119124
0.150848
-1.318099
-0.727218
-0.287942
-1.301075
0.289238
-0.302031
1.133557
0.649217
0.975568
0.018013
-0.301526
-1.756807
-1.074336
-0.024965
0.226419
0.653560
-0.864200
0.341768
1.142139
0.121278
-0.316671
-2.651869
-0.839836
0.538425
0.001468
0.353666
-0.343597
0.212246
-0.283258
-0.217451
0.328599
-0.208209
0.478653
0.185164
1.034387
-0.928791
-0.331322
0.602612
-2.064644
-0.841026
-1.209956
-0.598684
-0.979620
-2.565569
-0.584914
-0.685888
-2.240988
0.644180
1.033805
-0.345102
-1.029145
-0.187706
1.404412
-1.116957
0.427711
-0.182940
0.634200
1.470744
0.108455
-0.677102
-0.749533
1.036049
0.275937
-0.356600
-0.754152
0.669813
0.136385
2.196718
-1.985786
-0.590044
-2.064559
0.236705
-0.784963
-0.391309
-0.139030
-1.055101
1.732153
-1.731228
-0.713404
-0.759278
-0.463396
-0.317446
0.249704
0.159439
0.519762
0.297622
-1.720991
-0.027504
-1.288131
1.673789
-0.345999
-0.151793
0.022094
1.508187
0.232506
0.413970
-1.484037
0.886335
-0.711875
0.231755
-0.545750
-1.949704
0.289462
1.018598
-1.839512
0.644730
1.354297
0.815083
-0.212094
-0.159141
-1.126433
-1.087958
-0.136319
-0.398016
1.438349
-0.247808
-1.887941
0.217120
-0.260605
-0.397370
-0.571380
-1.287193
0.764237
0.202302
-0.360311
0.901375
0.593591
-2.619700
0.499252
-0.259678
-1.720759
0.414727
0.942567
-0.417450
0.888689
0.222871
0.419346
0.915509
-1.102319
-0.421835
-0.171913
-0.753010
0.731104
-0.085178
1.501571
-0.674909
-1.469214
-1.310390
0.176843
0.475025
0.899700
-0.506244
-0.617971
-1.298677
-0.335374
0.641096
0.196279
-0.462445
-1.075699
0.962880
2.057265
0.961566
0.849102
0.079675
0.336685
-0.725842
-0.416626
-0.558517
0.296792
0.701706
-0.078068
0.471207
-0.236272
0.493983
0.553456
0.221142
0.917617
-0.152325
1.643004
-0.424601
0.320127
0.637104
0.212026
-0.718340
-0.120561
0.312789
-0.376303
-0.399979
-0.376827
-0.223890
0.180104
0.575895
0.801573
-1.429131
-1.318905
0.080855
1.673477
-1.538702
0.412149
-0.038634
0.180453
0.630955
-0.471502
1.241573
1.266787
0.847586
0.917696
0.509646
-0.801984
-2.287772
-1.137930
-0.836683
0.370455
-1.056270
0.934222
-0.516584
0.468155
0.200490
1.302697
-0.229047
-0.196079
0.198555
-0.895977
-0.976921
2.403703
1.075450
-0.137163
-1.121783
-0.500595
2.288308
-0.174464
-1.018679
-0.885064
-0.506204
-0.179221
-0.239389
0.248765
0.468450
-0.338626
-0.417259
-1.020877
1.893843
0.986628
1.900153
1.317010
-2.099976
-0.592364
0.853293
-0.316323
-0.167779
